n°_evaluation,fitness,precision,f-measure,time
0,,,,0.015625
1,1.0,0.1428571428571429,0.2500000000000001,0.0
2,1.0,0.1428571428571429,0.2500000000000001,0.015625
3,1.0,0.1428571428571429,0.2500000000000001,0.0
4,1.0,0.1428571428571429,0.2500000000000001,0.015625
5,1.0,0.1428571428571429,0.2500000000000001,0.015625
6,1.0,0.1428571428571429,0.2500000000000001,0.0
7,1.0,0.1428571428571429,0.2500000000000001,0.0
8,1.0,0.1428571428571429,0.2500000000000001,0.015625
9,1.0,0.1428571428571429,0.2500000000000001,0.015625
10,1.0,0.1428571428571429,0.2500000000000001,0.0
11,1.0,0.1428571428571429,0.2500000000000001,0.0
12,1.0,0.1428571428571429,0.2500000000000001,0.015625
13,1.0,0.1428571428571429,0.2500000000000001,0.0
14,1.0,0.1428571428571429,0.2500000000000001,0.03125
15,1.0,0.1428571428571429,0.2500000000000001,0.0
16,1.0,0.1428571428571429,0.2500000000000001,0.015625
17,1.0,0.1428571428571429,0.2500000000000001,0.0
18,1.0,0.1428571428571429,0.2500000000000001,0.015625
19,1.0,0.1428571428571429,0.2500000000000001,0.0
20,1.0,0.1428571428571429,0.2500000000000001,0.015625
21,1.0,0.1428571428571429,0.2500000000000001,0.0
22,1.0,0.1428571428571429,0.2500000000000001,0.015625
23,1.0,0.1428571428571429,0.2500000000000001,0.0
24,1.0,0.1428571428571429,0.2500000000000001,0.0
25,1.0,0.1428571428571429,0.2500000000000001,0.015625
26,1.0,0.1428571428571429,0.2500000000000001,0.015625
27,1.0,0.1428571428571429,0.2500000000000001,0.0
28,1.0,0.1428571428571429,0.2500000000000001,0.015625
29,1.0,0.1428571428571429,0.2500000000000001,0.0
30,1.0,0.1428571428571429,0.2500000000000001,0.0
31,1.0,0.1428571428571429,0.2500000000000001,0.015625
32,1.0,0.1428571428571429,0.2500000000000001,0.0
33,1.0,0.1428571428571429,0.2500000000000001,0.015625
34,1.0,0.1428571428571429,0.2500000000000001,0.0
35,1.0,0.1428571428571429,0.2500000000000001,0.015625
36,1.0,0.1428571428571429,0.2500000000000001,0.0
37,1.0,0.1428571428571429,0.2500000000000001,0.0
38,1.0,0.1428571428571429,0.2500000000000001,0.015625
39,1.0,0.1428571428571429,0.2500000000000001,0.015625
40,1.0,0.1428571428571429,0.2500000000000001,0.0
41,1.0,0.1428571428571429,0.2500000000000001,0.0
42,1.0,0.1428571428571429,0.2500000000000001,0.015625
43,1.0,0.1428571428571429,0.2500000000000001,0.0
44,1.0,0.1428571428571429,0.2500000000000001,0.015625
45,1.0,0.1428571428571429,0.2500000000000001,0.0
46,1.0,0.1428571428571429,0.2500000000000001,0.0
47,1.0,0.1428571428571429,0.2500000000000001,0.015625
48,1.0,0.1428571428571429,0.2500000000000001,0.0
49,1.0,0.1428571428571429,0.2500000000000001,0.015625
50,1.0,0.1428571428571429,0.2500000000000001,0.015625
51,1.0,0.1428571428571429,0.2500000000000001,0.0
52,1.0,0.1428571428571429,0.2500000000000001,0.015625
53,1.0,0.1428571428571429,0.2500000000000001,0.0
54,1.0,0.1428571428571429,0.2500000000000001,0.015625
55,1.0,0.1428571428571429,0.2500000000000001,0.0
56,1.0,0.1428571428571429,0.2500000000000001,0.015625
57,1.0,0.1428571428571429,0.2500000000000001,0.015625
58,1.0,0.1428571428571429,0.2500000000000001,0.0
59,1.0,0.1428571428571429,0.2500000000000001,0.015625
60,1.0,0.1428571428571429,0.2500000000000001,0.0
61,1.0,0.1428571428571429,0.2500000000000001,0.015625
62,1.0,0.1428571428571429,0.2500000000000001,0.015625
63,1.0,0.1428571428571429,0.2500000000000001,0.0
64,1.0,0.1428571428571429,0.2500000000000001,0.015625
65,1.0,0.1428571428571429,0.2500000000000001,0.0
66,1.0,0.1428571428571429,0.2500000000000001,0.015625
67,1.0,0.1428571428571429,0.2500000000000001,0.015625
68,1.0,0.1428571428571429,0.2500000000000001,0.0625
69,1.0,0.1428571428571429,0.2500000000000001,0.015625
70,1.0,0.1428571428571429,0.2500000000000001,0.015625
71,1.0,0.1428571428571429,0.2500000000000001,0.0
72,1.0,0.1428571428571429,0.2500000000000001,0.0
73,1.0,0.1428571428571429,0.2500000000000001,0.015625
74,1.0,0.1428571428571429,0.2500000000000001,0.0
75,1.0,0.1428571428571429,0.2500000000000001,0.015625
76,1.0,0.1428571428571429,0.2500000000000001,0.0
77,1.0,0.1428571428571429,0.2500000000000001,0.015625
78,1.0,0.1428571428571429,0.2500000000000001,0.015625
79,1.0,0.1428571428571429,0.2500000000000001,0.03125
80,1.0,0.1428571428571429,0.2500000000000001,0.015625
81,1.0,0.1428571428571429,0.2500000000000001,0.0
82,1.0,0.1428571428571429,0.2500000000000001,0.0
83,1.0,0.1428571428571429,0.2500000000000001,0.015625
84,1.0,0.1428571428571429,0.2500000000000001,0.0
85,1.0,0.1428571428571429,0.2500000000000001,0.015625
86,1.0,0.1428571428571429,0.2500000000000001,0.0
87,1.0,0.1428571428571429,0.2500000000000001,0.015625
88,1.0,0.1428571428571429,0.2500000000000001,0.0
89,1.0,0.1428571428571429,0.2500000000000001,0.015625
90,1.0,0.1428571428571429,0.2500000000000001,0.0
91,1.0,0.1428571428571429,0.2500000000000001,0.015625
92,1.0,0.1428571428571429,0.2500000000000001,0.0
93,1.0,0.1428571428571429,0.2500000000000001,0.015625
94,1.0,0.1428571428571429,0.2500000000000001,0.0
95,1.0,0.1428571428571429,0.2500000000000001,0.015625
96,1.0,0.1428571428571429,0.2500000000000001,0.0
97,1.0,0.1428571428571429,0.2500000000000001,0.0
98,1.0,0.1428571428571429,0.2500000000000001,0.015625
99,1.0,0.1428571428571429,0.2500000000000001,0.0
100,1.0,0.1428571428571429,0.2500000000000001,0.015625
101,1.0,0.1428571428571429,0.2500000000000001,0.0
102,1.0,0.1428571428571429,0.2500000000000001,0.015625
103,1.0,0.1428571428571429,0.2500000000000001,0.0
104,1.0,0.1428571428571429,0.2500000000000001,0.015625
105,1.0,0.1428571428571429,0.2500000000000001,0.0
106,1.0,0.1428571428571429,0.2500000000000001,0.015625
107,1.0,0.1428571428571429,0.2500000000000001,0.0
108,1.0,0.1428571428571429,0.2500000000000001,0.0
109,1.0,0.1428571428571429,0.2500000000000001,0.015625
110,1.0,0.1428571428571429,0.2500000000000001,0.0
111,1.0,0.1428571428571429,0.2500000000000001,0.015625
112,1.0,0.1428571428571429,0.2500000000000001,0.015625
113,1.0,0.1428571428571429,0.2500000000000001,0.0
114,1.0,0.1428571428571429,0.2500000000000001,0.0
115,1.0,0.1428571428571429,0.2500000000000001,0.0
116,1.0,0.1428571428571429,0.2500000000000001,0.0
117,1.0,0.1428571428571429,0.2500000000000001,0.015625
118,1.0,0.1428571428571429,0.2500000000000001,0.0
119,1.0,0.1428571428571429,0.2500000000000001,0.015625
120,1.0,0.1428571428571429,0.2500000000000001,0.0
121,1.0,0.1428571428571429,0.2500000000000001,0.0
122,1.0,0.1428571428571429,0.2500000000000001,0.015625
123,1.0,0.1428571428571429,0.2500000000000001,0.0
124,1.0,0.1428571428571429,0.2500000000000001,0.015625
125,1.0,0.1428571428571429,0.2500000000000001,0.0
126,1.0,0.1428571428571429,0.2500000000000001,0.015625
127,1.0,0.1428571428571429,0.2500000000000001,0.0
128,1.0,0.1428571428571429,0.2500000000000001,0.015625
129,1.0,0.1428571428571429,0.2500000000000001,0.0
130,1.0,0.1428571428571429,0.2500000000000001,0.015625
131,1.0,0.1428571428571429,0.2500000000000001,0.015625
132,1.0,0.1428571428571429,0.2500000000000001,0.0
133,1.0,0.1428571428571429,0.2500000000000001,0.0
134,1.0,0.1428571428571429,0.2500000000000001,0.015625
135,1.0,0.1428571428571429,0.2500000000000001,0.0
136,1.0,0.1428571428571429,0.2500000000000001,0.015625
137,1.0,0.1428571428571429,0.2500000000000001,0.0
138,1.0,0.1428571428571429,0.2500000000000001,0.015625
139,1.0,0.1428571428571429,0.2500000000000001,0.0
140,1.0,0.1428571428571429,0.2500000000000001,0.015625
141,1.0,0.1428571428571429,0.2500000000000001,0.0
142,1.0,0.1428571428571429,0.2500000000000001,0.015625
143,1.0,0.1428571428571429,0.2500000000000001,0.0
144,1.0,0.1428571428571429,0.2500000000000001,0.03125
145,1.0,0.1428571428571429,0.2500000000000001,0.015625
146,1.0,0.1428571428571429,0.2500000000000001,0.0
147,1.0,0.1428571428571429,0.2500000000000001,0.015625
148,1.0,0.1428571428571429,0.2500000000000001,0.0
149,1.0,0.1428571428571429,0.2500000000000001,0.0
150,1.0,0.1428571428571429,0.2500000000000001,0.015625
151,1.0,0.1428571428571429,0.2500000000000001,0.0
152,1.0,0.1428571428571429,0.2500000000000001,0.015625
153,1.0,0.1428571428571429,0.2500000000000001,0.0
154,1.0,0.1428571428571429,0.2500000000000001,0.015625
155,1.0,0.1428571428571429,0.2500000000000001,0.015625
156,1.0,0.1428571428571429,0.2500000000000001,0.0
157,1.0,0.1428571428571429,0.2500000000000001,0.0
158,1.0,0.1428571428571429,0.2500000000000001,0.015625
159,1.0,0.1428571428571429,0.2500000000000001,0.0
160,1.0,0.1428571428571429,0.2500000000000001,0.015625
161,1.0,0.1428571428571429,0.2500000000000001,0.015625
162,1.0,0.1428571428571429,0.2500000000000001,0.0
163,1.0,0.1428571428571429,0.2500000000000001,0.015625
164,1.0,0.1428571428571429,0.2500000000000001,0.0
165,1.0,0.1428571428571429,0.2500000000000001,0.015625
166,1.0,0.1428571428571429,0.2500000000000001,0.0
167,1.0,0.1428571428571429,0.2500000000000001,0.015625
168,1.0,0.1428571428571429,0.2500000000000001,0.0
169,1.0,0.1428571428571429,0.2500000000000001,0.015625
170,1.0,0.1428571428571429,0.2500000000000001,0.015625
171,1.0,0.1428571428571429,0.2500000000000001,0.0
172,1.0,0.1428571428571429,0.2500000000000001,0.015625
173,0.8888888888888888,0.09523809523809523,0.17204301075268819,0.0
174,1.0,0.1428571428571429,0.2500000000000001,0.015625
175,1.0,0.1428571428571429,0.2500000000000001,0.015625
176,1.0,0.1428571428571429,0.2500000000000001,0.015625
177,1.0,0.1428571428571429,0.2500000000000001,0.0
178,1.0,0.1428571428571429,0.2500000000000001,0.0
179,1.0,0.1428571428571429,0.2500000000000001,0.046875
180,1.0,0.1428571428571429,0.2500000000000001,0.0
181,1.0,0.1428571428571429,0.2500000000000001,0.015625
182,1.0,0.1428571428571429,0.2500000000000001,0.015625
183,1.0,0.1428571428571429,0.2500000000000001,0.0
184,1.0,0.1428571428571429,0.2500000000000001,0.0
185,1.0,0.1428571428571429,0.2500000000000001,0.015625
186,1.0,0.1428571428571429,0.2500000000000001,0.0
187,1.0,0.1428571428571429,0.2500000000000001,0.015625
188,1.0,0.1428571428571429,0.2500000000000001,0.0
189,1.0,0.1428571428571429,0.2500000000000001,0.015625
190,1.0,0.1428571428571429,0.2500000000000001,0.0
191,1.0,0.1428571428571429,0.2500000000000001,0.015625
192,1.0,0.1428571428571429,0.2500000000000001,0.0
193,1.0,0.1428571428571429,0.2500000000000001,0.015625
194,1.0,0.1428571428571429,0.2500000000000001,0.0
195,1.0,0.1428571428571429,0.2500000000000001,0.015625
196,1.0,0.1428571428571429,0.2500000000000001,0.0
197,1.0,0.1428571428571429,0.2500000000000001,0.015625
198,1.0,0.1428571428571429,0.2500000000000001,0.0
199,1.0,0.1428571428571429,0.2500000000000001,0.015625
200,1.0,0.1428571428571429,0.2500000000000001,0.0
201,1.0,0.1428571428571429,0.2500000000000001,0.015625
202,1.0,0.1428571428571429,0.2500000000000001,0.0
203,1.0,0.1428571428571429,0.2500000000000001,0.015625
204,1.0,0.1428571428571429,0.2500000000000001,0.0
205,1.0,0.1428571428571429,0.2500000000000001,0.0
206,1.0,0.1428571428571429,0.2500000000000001,0.015625
207,1.0,0.1428571428571429,0.2500000000000001,0.0
208,1.0,0.1428571428571429,0.2500000000000001,0.015625
209,0.8333333333333334,0.1428571428571429,0.24390243902439032,0.0
210,1.0,0.1428571428571429,0.2500000000000001,0.015625
211,1.0,0.1428571428571429,0.2500000000000001,0.015625
212,1.0,0.1428571428571429,0.2500000000000001,0.0
213,1.0,0.1428571428571429,0.2500000000000001,0.0
214,1.0,0.1428571428571429,0.2500000000000001,0.015625
215,1.0,0.1428571428571429,0.2500000000000001,0.0
216,1.0,0.1428571428571429,0.2500000000000001,0.015625
217,1.0,0.1428571428571429,0.2500000000000001,0.0
218,1.0,0.1428571428571429,0.2500000000000001,0.0
219,1.0,0.1428571428571429,0.2500000000000001,0.015625
220,1.0,0.1428571428571429,0.2500000000000001,0.0
221,1.0,0.1428571428571429,0.2500000000000001,0.015625
222,1.0,0.1428571428571429,0.2500000000000001,0.0
223,1.0,0.1428571428571429,0.2500000000000001,0.0
224,1.0,0.1428571428571429,0.2500000000000001,0.015625
225,1.0,0.1428571428571429,0.2500000000000001,0.0
226,1.0,0.1428571428571429,0.2500000000000001,0.015625
227,1.0,0.1428571428571429,0.2500000000000001,0.0
228,1.0,0.1428571428571429,0.2500000000000001,0.0
229,1.0,0.1428571428571429,0.2500000000000001,0.015625
230,1.0,0.1428571428571429,0.2500000000000001,0.0
231,1.0,0.1428571428571429,0.2500000000000001,0.015625
232,1.0,0.1428571428571429,0.2500000000000001,0.0
233,1.0,0.1428571428571429,0.2500000000000001,0.0
234,1.0,0.1428571428571429,0.2500000000000001,0.015625
235,1.0,0.1428571428571429,0.2500000000000001,0.0
236,1.0,0.1428571428571429,0.2500000000000001,0.015625
237,1.0,0.1428571428571429,0.2500000000000001,0.0
238,1.0,0.1428571428571429,0.2500000000000001,0.015625
239,1.0,0.1428571428571429,0.2500000000000001,0.0
240,1.0,0.1428571428571429,0.2500000000000001,0.015625
241,1.0,0.1428571428571429,0.2500000000000001,0.015625
242,1.0,0.1428571428571429,0.2500000000000001,0.0
243,1.0,0.1428571428571429,0.2500000000000001,0.0
244,1.0,0.1428571428571429,0.2500000000000001,0.015625
245,1.0,0.1428571428571429,0.2500000000000001,0.015625
246,1.0,0.1428571428571429,0.2500000000000001,0.0
247,1.0,0.1428571428571429,0.2500000000000001,0.0
248,1.0,0.1428571428571429,0.2500000000000001,0.015625
249,1.0,0.1428571428571429,0.2500000000000001,0.0
250,1.0,0.1428571428571429,0.2500000000000001,0.015625
251,1.0,0.1428571428571429,0.2500000000000001,0.0
252,1.0,0.1428571428571429,0.2500000000000001,0.015625
253,1.0,0.1428571428571429,0.2500000000000001,0.03125
254,1.0,0.1428571428571429,0.2500000000000001,0.0
255,1.0,0.1428571428571429,0.2500000000000001,0.0
256,1.0,0.1428571428571429,0.2500000000000001,0.015625
257,1.0,0.1428571428571429,0.2500000000000001,0.0
258,1.0,0.1428571428571429,0.2500000000000001,0.015625
259,1.0,0.1428571428571429,0.2500000000000001,0.0
260,1.0,0.1428571428571429,0.2500000000000001,0.015625
261,1.0,0.1428571428571429,0.2500000000000001,0.0
262,1.0,0.1428571428571429,0.2500000000000001,0.015625
263,1.0,0.1428571428571429,0.2500000000000001,0.0
264,1.0,0.1428571428571429,0.2500000000000001,0.015625
265,1.0,0.1428571428571429,0.2500000000000001,0.0
266,1.0,0.1428571428571429,0.2500000000000001,0.015625
267,1.0,0.1428571428571429,0.2500000000000001,0.0
268,1.0,0.1428571428571429,0.2500000000000001,0.015625
269,1.0,0.1428571428571429,0.2500000000000001,0.0
270,1.0,0.1428571428571429,0.2500000000000001,0.015625
271,1.0,0.1428571428571429,0.2500000000000001,0.0
272,1.0,0.1428571428571429,0.2500000000000001,0.015625
273,1.0,0.1428571428571429,0.2500000000000001,0.0
274,1.0,0.1428571428571429,0.2500000000000001,0.0
275,1.0,0.1428571428571429,0.2500000000000001,0.015625
276,1.0,0.1428571428571429,0.2500000000000001,0.0
277,0.8333333333333334,0.1428571428571429,0.24390243902439032,0.015625
278,1.0,0.1428571428571429,0.2500000000000001,0.0
279,1.0,0.1428571428571429,0.2500000000000001,0.015625
280,1.0,0.1428571428571429,0.2500000000000001,0.0
281,1.0,0.1428571428571429,0.2500000000000001,0.0
282,1.0,0.1428571428571429,0.2500000000000001,0.046875
283,1.0,0.1428571428571429,0.2500000000000001,0.015625
284,1.0,0.1428571428571429,0.2500000000000001,0.0
285,1.0,0.1428571428571429,0.2500000000000001,0.0
286,1.0,0.1428571428571429,0.2500000000000001,0.015625
287,1.0,0.1428571428571429,0.2500000000000001,0.015625
288,1.0,0.1428571428571429,0.2500000000000001,0.0
289,1.0,0.1428571428571429,0.2500000000000001,0.0
290,1.0,0.1428571428571429,0.2500000000000001,0.015625
291,1.0,0.1428571428571429,0.2500000000000001,0.0
292,1.0,0.1428571428571429,0.2500000000000001,0.015625
293,1.0,0.1428571428571429,0.2500000000000001,0.0
294,1.0,0.1428571428571429,0.2500000000000001,0.015625
295,1.0,0.1428571428571429,0.2500000000000001,0.0
296,0.8333333333333334,0.1428571428571429,0.24390243902439032,0.0
297,1.0,0.1428571428571429,0.2500000000000001,0.015625
298,1.0,0.1428571428571429,0.2500000000000001,0.015625
299,1.0,0.1428571428571429,0.2500000000000001,0.0
300,1.0,0.1428571428571429,0.2500000000000001,0.0
301,1.0,0.1428571428571429,0.2500000000000001,0.015625
302,1.0,0.1428571428571429,0.2500000000000001,0.0
303,1.0,0.1428571428571429,0.2500000000000001,0.015625
304,1.0,0.1428571428571429,0.2500000000000001,0.0
305,1.0,0.1428571428571429,0.2500000000000001,0.015625
306,1.0,0.1428571428571429,0.2500000000000001,0.0
307,1.0,0.1428571428571429,0.2500000000000001,0.015625
308,1.0,0.1428571428571429,0.2500000000000001,0.015625
309,1.0,0.1428571428571429,0.2500000000000001,0.0
310,1.0,0.1428571428571429,0.2500000000000001,0.0
311,1.0,0.1428571428571429,0.2500000000000001,0.015625
312,1.0,0.1428571428571429,0.2500000000000001,0.0
313,1.0,0.1428571428571429,0.2500000000000001,0.015625
314,1.0,0.1428571428571429,0.2500000000000001,0.0
315,1.0,0.1428571428571429,0.2500000000000001,0.015625
316,1.0,0.1428571428571429,0.2500000000000001,0.0
317,1.0,0.1428571428571429,0.2500000000000001,0.015625
318,1.0,0.1428571428571429,0.2500000000000001,0.0
319,1.0,0.1428571428571429,0.2500000000000001,0.015625
320,1.0,0.1428571428571429,0.2500000000000001,0.0
321,1.0,0.1428571428571429,0.2500000000000001,0.0
322,1.0,0.1428571428571429,0.2500000000000001,0.015625
323,1.0,0.1428571428571429,0.2500000000000001,0.015625
324,1.0,0.1428571428571429,0.2500000000000001,0.0
325,1.0,0.1428571428571429,0.2500000000000001,0.015625
326,1.0,0.1428571428571429,0.2500000000000001,0.0
327,1.0,0.1428571428571429,0.2500000000000001,0.0
328,1.0,0.1428571428571429,0.2500000000000001,0.015625
329,1.0,0.1428571428571429,0.2500000000000001,0.0
330,1.0,0.1428571428571429,0.2500000000000001,0.015625
331,1.0,0.1428571428571429,0.2500000000000001,0.0
332,1.0,0.1428571428571429,0.2500000000000001,0.0
333,0.8333333333333334,0.1428571428571429,0.24390243902439032,0.015625
334,1.0,0.1428571428571429,0.2500000000000001,0.0
335,1.0,0.1428571428571429,0.2500000000000001,0.015625
336,1.0,0.1428571428571429,0.2500000000000001,0.015625
337,1.0,0.1428571428571429,0.2500000000000001,0.0
338,1.0,0.1428571428571429,0.2500000000000001,0.0
339,1.0,0.1428571428571429,0.2500000000000001,0.015625
340,1.0,0.1428571428571429,0.2500000000000001,0.0
341,1.0,0.1428571428571429,0.2500000000000001,0.015625
342,1.0,0.1428571428571429,0.2500000000000001,0.0
343,1.0,0.1428571428571429,0.2500000000000001,0.015625
344,1.0,0.1428571428571429,0.2500000000000001,0.0
345,1.0,0.1428571428571429,0.2500000000000001,0.015625
346,1.0,0.1428571428571429,0.2500000000000001,0.0
347,1.0,0.1428571428571429,0.2500000000000001,0.0
348,1.0,0.1428571428571429,0.2500000000000001,0.015625
349,1.0,0.1428571428571429,0.2500000000000001,0.0
350,1.0,0.1428571428571429,0.2500000000000001,0.015625
351,1.0,0.1428571428571429,0.2500000000000001,0.0
352,1.0,0.1428571428571429,0.2500000000000001,0.0
353,1.0,0.1428571428571429,0.2500000000000001,0.015625
354,1.0,0.1428571428571429,0.2500000000000001,0.015625
355,1.0,0.1428571428571429,0.2500000000000001,0.0
356,1.0,0.1428571428571429,0.2500000000000001,0.015625
357,1.0,0.1428571428571429,0.2500000000000001,0.0
358,1.0,0.1428571428571429,0.2500000000000001,0.015625
359,1.0,0.1428571428571429,0.2500000000000001,0.0
360,1.0,0.1428571428571429,0.2500000000000001,0.0
361,1.0,0.1428571428571429,0.2500000000000001,0.015625
362,1.0,0.1428571428571429,0.2500000000000001,0.0
363,1.0,0.1428571428571429,0.2500000000000001,0.015625
364,1.0,0.1428571428571429,0.2500000000000001,0.0
365,1.0,0.1428571428571429,0.2500000000000001,0.015625
366,1.0,0.1428571428571429,0.2500000000000001,0.0
367,1.0,0.1428571428571429,0.2500000000000001,0.0
368,1.0,0.1428571428571429,0.2500000000000001,0.015625
369,1.0,0.1428571428571429,0.2500000000000001,0.0
370,1.0,0.1428571428571429,0.2500000000000001,0.015625
371,1.0,0.1428571428571429,0.2500000000000001,0.0
372,1.0,0.1428571428571429,0.2500000000000001,0.0
373,1.0,0.1428571428571429,0.2500000000000001,0.015625
374,1.0,0.1428571428571429,0.2500000000000001,0.0
375,1.0,0.1428571428571429,0.2500000000000001,0.015625
376,1.0,0.1428571428571429,0.2500000000000001,0.0
377,1.0,0.1428571428571429,0.2500000000000001,0.015625
378,1.0,0.1428571428571429,0.2500000000000001,0.0
379,1.0,0.1428571428571429,0.2500000000000001,0.015625
380,1.0,0.1428571428571429,0.2500000000000001,0.0
381,1.0,0.1428571428571429,0.2500000000000001,0.015625
382,1.0,0.1428571428571429,0.2500000000000001,0.0
383,1.0,0.1428571428571429,0.2500000000000001,0.015625
384,1.0,0.1428571428571429,0.2500000000000001,0.0
385,1.0,0.1428571428571429,0.2500000000000001,0.0
386,1.0,0.1428571428571429,0.2500000000000001,0.015625
387,1.0,0.1428571428571429,0.2500000000000001,0.0
388,1.0,0.1428571428571429,0.2500000000000001,0.015625
389,1.0,0.1428571428571429,0.2500000000000001,0.015625
390,1.0,0.1428571428571429,0.2500000000000001,0.0
391,1.0,0.1428571428571429,0.2500000000000001,0.015625
392,1.0,0.1428571428571429,0.2500000000000001,0.0
393,1.0,0.1428571428571429,0.2500000000000001,0.015625
394,1.0,0.1428571428571429,0.2500000000000001,0.0
395,1.0,0.1428571428571429,0.2500000000000001,0.015625
396,1.0,0.1428571428571429,0.2500000000000001,0.0
397,1.0,0.1428571428571429,0.2500000000000001,0.015625
398,1.0,0.1428571428571429,0.2500000000000001,0.0
399,1.0,0.1428571428571429,0.2500000000000001,0.015625
400,1.0,0.1428571428571429,0.2500000000000001,0.015625
401,1.0,0.1428571428571429,0.2500000000000001,0.0
402,1.0,0.1428571428571429,0.2500000000000001,0.015625
403,1.0,0.1428571428571429,0.2500000000000001,0.0
404,1.0,0.1428571428571429,0.2500000000000001,0.046875
405,1.0,0.1428571428571429,0.2500000000000001,0.0
406,1.0,0.1428571428571429,0.2500000000000001,0.015625
407,1.0,0.1428571428571429,0.2500000000000001,0.0
408,1.0,0.1428571428571429,0.2500000000000001,0.0
409,1.0,0.1428571428571429,0.2500000000000001,0.015625
410,1.0,0.1428571428571429,0.2500000000000001,0.0
411,1.0,0.1428571428571429,0.2500000000000001,0.015625
412,1.0,0.1428571428571429,0.2500000000000001,0.0
413,1.0,0.1428571428571429,0.2500000000000001,0.0
414,1.0,0.1428571428571429,0.2500000000000001,0.015625
415,1.0,0.1428571428571429,0.2500000000000001,0.0
416,1.0,0.1428571428571429,0.2500000000000001,0.015625
417,1.0,0.1428571428571429,0.2500000000000001,0.0
418,1.0,0.1428571428571429,0.2500000000000001,0.015625
419,1.0,0.1428571428571429,0.2500000000000001,0.0
420,1.0,0.1428571428571429,0.2500000000000001,0.015625
421,1.0,0.1428571428571429,0.2500000000000001,0.0
422,1.0,0.1428571428571429,0.2500000000000001,0.015625
423,1.0,0.1428571428571429,0.2500000000000001,0.0
424,1.0,0.1428571428571429,0.2500000000000001,0.015625
425,1.0,0.1428571428571429,0.2500000000000001,0.0
426,1.0,0.1428571428571429,0.2500000000000001,0.0
427,1.0,0.1428571428571429,0.2500000000000001,0.015625
428,1.0,0.1428571428571429,0.2500000000000001,0.0
429,1.0,0.1428571428571429,0.2500000000000001,0.0
430,1.0,0.1428571428571429,0.2500000000000001,0.015625
431,1.0,0.1428571428571429,0.2500000000000001,0.015625
432,1.0,0.1428571428571429,0.2500000000000001,0.0
433,1.0,0.1428571428571429,0.2500000000000001,0.015625
434,1.0,0.1428571428571429,0.2500000000000001,0.0
435,1.0,0.1428571428571429,0.2500000000000001,0.0
436,1.0,0.1428571428571429,0.2500000000000001,0.015625
437,1.0,0.1428571428571429,0.2500000000000001,0.0
438,1.0,0.1428571428571429,0.2500000000000001,0.015625
439,1.0,0.1428571428571429,0.2500000000000001,0.0
440,1.0,0.1428571428571429,0.2500000000000001,0.015625
441,1.0,0.1428571428571429,0.2500000000000001,0.0
442,1.0,0.1428571428571429,0.2500000000000001,0.015625
443,0.8333333333333334,0.1428571428571429,0.24390243902439032,0.0
444,1.0,0.1428571428571429,0.2500000000000001,0.015625
445,1.0,0.1428571428571429,0.2500000000000001,0.0
446,1.0,0.1428571428571429,0.2500000000000001,0.015625
447,1.0,0.1428571428571429,0.2500000000000001,0.0
448,1.0,0.1428571428571429,0.2500000000000001,0.0
449,1.0,0.1428571428571429,0.2500000000000001,0.015625
450,1.0,0.1428571428571429,0.2500000000000001,0.015625
451,1.0,0.1428571428571429,0.2500000000000001,0.0
452,1.0,0.1428571428571429,0.2500000000000001,0.0
453,1.0,0.1428571428571429,0.2500000000000001,0.015625
454,1.0,0.1428571428571429,0.2500000000000001,0.015625
455,1.0,0.1428571428571429,0.2500000000000001,0.0
456,1.0,0.1428571428571429,0.2500000000000001,0.015625
457,1.0,0.1428571428571429,0.2500000000000001,0.0
458,1.0,0.1428571428571429,0.2500000000000001,0.015625
459,1.0,0.1428571428571429,0.2500000000000001,0.0
460,1.0,0.1428571428571429,0.2500000000000001,0.015625
461,1.0,0.1428571428571429,0.2500000000000001,0.0
462,1.0,0.1428571428571429,0.2500000000000001,0.015625
463,1.0,0.1428571428571429,0.2500000000000001,0.0
464,1.0,0.1428571428571429,0.2500000000000001,0.015625
465,1.0,0.1428571428571429,0.2500000000000001,0.0
466,1.0,0.1428571428571429,0.2500000000000001,0.015625
467,1.0,0.1428571428571429,0.2500000000000001,0.0
468,1.0,0.1428571428571429,0.2500000000000001,0.015625
469,1.0,0.1428571428571429,0.2500000000000001,0.0
470,1.0,0.1428571428571429,0.2500000000000001,0.0
471,1.0,0.1428571428571429,0.2500000000000001,0.015625
472,1.0,0.1428571428571429,0.2500000000000001,0.0
473,1.0,0.1428571428571429,0.2500000000000001,0.015625
474,1.0,0.1428571428571429,0.2500000000000001,0.0
475,1.0,0.1428571428571429,0.2500000000000001,0.0
476,1.0,0.1428571428571429,0.2500000000000001,0.015625
477,1.0,0.1428571428571429,0.2500000000000001,0.0
478,1.0,0.1428571428571429,0.2500000000000001,0.015625
479,1.0,0.1428571428571429,0.2500000000000001,0.0
480,1.0,0.1428571428571429,0.2500000000000001,0.015625
481,1.0,0.1428571428571429,0.2500000000000001,0.0
482,1.0,0.1428571428571429,0.2500000000000001,0.015625
483,1.0,0.1428571428571429,0.2500000000000001,0.0
484,1.0,0.1428571428571429,0.2500000000000001,0.0
485,1.0,0.1428571428571429,0.2500000000000001,0.015625
486,1.0,0.1428571428571429,0.2500000000000001,0.015625
487,1.0,0.1428571428571429,0.2500000000000001,0.0
488,1.0,0.1428571428571429,0.2500000000000001,0.015625
489,1.0,0.1428571428571429,0.2500000000000001,0.0
490,1.0,0.1428571428571429,0.2500000000000001,0.015625
491,1.0,0.1428571428571429,0.2500000000000001,0.0
492,1.0,0.1428571428571429,0.2500000000000001,0.015625
493,1.0,0.1428571428571429,0.2500000000000001,0.0
494,1.0,0.1428571428571429,0.2500000000000001,0.015625
495,1.0,0.1428571428571429,0.2500000000000001,0.0
496,1.0,0.1428571428571429,0.2500000000000001,0.015625
497,1.0,0.1428571428571429,0.2500000000000001,0.0
498,1.0,0.1428571428571429,0.2500000000000001,0.015625
499,1.0,0.1428571428571429,0.2500000000000001,0.0
500,1.0,0.1428571428571429,0.2500000000000001,0.015625
501,1.0,0.1428571428571429,0.2500000000000001,0.0
502,1.0,0.1428571428571429,0.2500000000000001,0.0
503,1.0,0.1428571428571429,0.2500000000000001,0.015625
504,1.0,0.1428571428571429,0.2500000000000001,0.0
505,1.0,0.1428571428571429,0.2500000000000001,0.015625
506,1.0,0.1428571428571429,0.2500000000000001,0.0
507,1.0,0.1428571428571429,0.2500000000000001,0.015625
508,1.0,0.1428571428571429,0.2500000000000001,0.0
509,1.0,0.1428571428571429,0.2500000000000001,0.0
510,1.0,0.1428571428571429,0.2500000000000001,0.015625
511,1.0,0.1428571428571429,0.2500000000000001,0.0
512,1.0,0.1428571428571429,0.2500000000000001,0.015625
513,1.0,0.1428571428571429,0.2500000000000001,0.0
514,1.0,0.1428571428571429,0.2500000000000001,0.015625
515,1.0,0.1428571428571429,0.2500000000000001,0.0
516,1.0,0.1428571428571429,0.2500000000000001,0.0
517,1.0,0.1428571428571429,0.2500000000000001,0.015625
518,1.0,0.1428571428571429,0.2500000000000001,0.0
519,1.0,0.1428571428571429,0.2500000000000001,0.015625
520,1.0,0.1428571428571429,0.2500000000000001,0.015625
521,1.0,0.1428571428571429,0.2500000000000001,0.0
522,1.0,0.1428571428571429,0.2500000000000001,0.015625
523,1.0,0.1428571428571429,0.2500000000000001,0.0
524,1.0,0.1428571428571429,0.2500000000000001,0.015625
525,1.0,0.1428571428571429,0.2500000000000001,0.0
526,1.0,0.1428571428571429,0.2500000000000001,0.0
527,1.0,0.1428571428571429,0.2500000000000001,0.015625
528,1.0,0.1428571428571429,0.2500000000000001,0.0
529,1.0,0.1428571428571429,0.2500000000000001,0.015625
530,1.0,0.1428571428571429,0.2500000000000001,0.0
531,1.0,0.1428571428571429,0.2500000000000001,0.015625
532,1.0,0.1428571428571429,0.2500000000000001,0.0
533,1.0,0.1428571428571429,0.2500000000000001,0.015625
534,1.0,0.1428571428571429,0.2500000000000001,0.0
535,1.0,0.1428571428571429,0.2500000000000001,0.0
536,1.0,0.1428571428571429,0.2500000000000001,0.015625
537,1.0,0.1428571428571429,0.2500000000000001,0.0
538,1.0,0.1428571428571429,0.2500000000000001,0.015625
539,1.0,0.1428571428571429,0.2500000000000001,0.0
540,1.0,0.1428571428571429,0.2500000000000001,0.015625
541,1.0,0.1428571428571429,0.2500000000000001,0.0
542,1.0,0.1428571428571429,0.2500000000000001,0.046875
543,1.0,0.1428571428571429,0.2500000000000001,0.015625
544,1.0,0.1428571428571429,0.2500000000000001,0.0
545,1.0,0.1428571428571429,0.2500000000000001,0.0
546,1.0,0.1428571428571429,0.2500000000000001,0.046875
547,1.0,0.1428571428571429,0.2500000000000001,0.015625
548,1.0,0.1428571428571429,0.2500000000000001,0.0
549,1.0,0.1428571428571429,0.2500000000000001,0.0
550,1.0,0.1428571428571429,0.2500000000000001,0.015625
551,1.0,0.1428571428571429,0.2500000000000001,0.0
552,1.0,0.1428571428571429,0.2500000000000001,0.0
553,1.0,0.1428571428571429,0.2500000000000001,0.015625
554,1.0,0.1428571428571429,0.2500000000000001,0.0
555,1.0,0.1428571428571429,0.2500000000000001,0.0
556,1.0,0.1428571428571429,0.2500000000000001,0.015625
557,1.0,0.1428571428571429,0.2500000000000001,0.0
558,1.0,0.1428571428571429,0.2500000000000001,0.0
559,1.0,0.1428571428571429,0.2500000000000001,0.015625
560,1.0,0.1428571428571429,0.2500000000000001,0.0
561,1.0,0.1428571428571429,0.2500000000000001,0.0
562,1.0,0.1428571428571429,0.2500000000000001,0.03125
563,1.0,0.1428571428571429,0.2500000000000001,0.0
564,1.0,0.1428571428571429,0.2500000000000001,0.015625
565,1.0,0.1428571428571429,0.2500000000000001,0.0
566,1.0,0.1428571428571429,0.2500000000000001,0.015625
567,1.0,0.1428571428571429,0.2500000000000001,0.0
568,1.0,0.1428571428571429,0.2500000000000001,0.015625
569,1.0,0.1428571428571429,0.2500000000000001,0.0
570,1.0,0.1428571428571429,0.2500000000000001,0.015625
571,1.0,0.1428571428571429,0.2500000000000001,0.0
572,1.0,0.1428571428571429,0.2500000000000001,0.015625
573,1.0,0.1428571428571429,0.2500000000000001,0.0
574,1.0,0.1428571428571429,0.2500000000000001,0.015625
575,1.0,0.1428571428571429,0.2500000000000001,0.0
576,1.0,0.1428571428571429,0.2500000000000001,0.015625
577,1.0,0.1428571428571429,0.2500000000000001,0.0
578,1.0,0.1428571428571429,0.2500000000000001,0.0
579,1.0,0.1428571428571429,0.2500000000000001,0.015625
580,1.0,0.1428571428571429,0.2500000000000001,0.0
581,1.0,0.1428571428571429,0.2500000000000001,0.015625
582,1.0,0.1428571428571429,0.2500000000000001,0.015625
583,1.0,0.1428571428571429,0.2500000000000001,0.0
584,1.0,0.1428571428571429,0.2500000000000001,0.015625
585,1.0,0.1428571428571429,0.2500000000000001,0.0
586,1.0,0.1428571428571429,0.2500000000000001,0.015625
587,1.0,0.1428571428571429,0.2500000000000001,0.0
588,1.0,0.1428571428571429,0.2500000000000001,0.0
589,1.0,0.1428571428571429,0.2500000000000001,0.015625
590,1.0,0.1428571428571429,0.2500000000000001,0.0
591,1.0,0.1428571428571429,0.2500000000000001,0.015625
592,1.0,0.1428571428571429,0.2500000000000001,0.0
593,1.0,0.1428571428571429,0.2500000000000001,0.015625
594,1.0,0.1428571428571429,0.2500000000000001,0.0
595,1.0,0.1428571428571429,0.2500000000000001,0.015625
596,1.0,0.1428571428571429,0.2500000000000001,0.0
597,1.0,0.1428571428571429,0.2500000000000001,0.015625
598,1.0,0.1428571428571429,0.2500000000000001,0.0
599,1.0,0.1428571428571429,0.2500000000000001,0.015625
600,1.0,0.1428571428571429,0.2500000000000001,0.0
601,1.0,0.1428571428571429,0.2500000000000001,0.0
602,1.0,0.1428571428571429,0.2500000000000001,0.015625
603,1.0,0.1428571428571429,0.2500000000000001,0.0
604,0.8333333333333334,0.09523809523809523,0.17094017094017092,0.015625
605,1.0,0.1428571428571429,0.2500000000000001,0.0
606,1.0,0.1428571428571429,0.2500000000000001,0.015625
607,1.0,0.1428571428571429,0.2500000000000001,0.0
608,1.0,0.1428571428571429,0.2500000000000001,0.015625
609,1.0,0.1428571428571429,0.2500000000000001,0.0
610,1.0,0.1428571428571429,0.2500000000000001,0.015625
611,1.0,0.1428571428571429,0.2500000000000001,0.015625
612,1.0,0.1428571428571429,0.2500000000000001,0.0
613,1.0,0.1428571428571429,0.2500000000000001,0.0
614,1.0,0.1428571428571429,0.2500000000000001,0.046875
615,1.0,0.16666666666666663,0.2857142857142857,0.015625
616,1.0,0.16666666666666663,0.2857142857142857,0.0
617,1.0,0.16666666666666663,0.2857142857142857,0.015625
618,1.0,0.16666666666666663,0.2857142857142857,0.0
619,1.0,0.16666666666666663,0.2857142857142857,0.015625
620,1.0,0.16666666666666663,0.2857142857142857,0.0
621,1.0,0.16666666666666663,0.2857142857142857,0.015625
622,1.0,0.16666666666666663,0.2857142857142857,0.0
623,1.0,0.16666666666666663,0.2857142857142857,0.015625
624,1.0,0.16666666666666663,0.2857142857142857,0.0
625,1.0,0.16666666666666663,0.2857142857142857,0.0
626,1.0,0.16666666666666663,0.2857142857142857,0.015625
627,1.0,0.16666666666666663,0.2857142857142857,0.0
628,1.0,0.16666666666666663,0.2857142857142857,0.015625
629,1.0,0.16666666666666663,0.2857142857142857,0.0
630,1.0,0.16666666666666663,0.2857142857142857,0.0
631,1.0,0.16666666666666663,0.2857142857142857,0.015625
632,1.0,0.16666666666666663,0.2857142857142857,0.0
633,1.0,0.16666666666666663,0.2857142857142857,0.015625
634,1.0,0.16666666666666663,0.2857142857142857,0.0
635,1.0,0.16666666666666663,0.2857142857142857,0.015625
636,1.0,0.16666666666666663,0.2857142857142857,0.0
637,1.0,0.16666666666666663,0.2857142857142857,0.015625
638,1.0,0.16666666666666663,0.2857142857142857,0.0
639,1.0,0.16666666666666663,0.2857142857142857,0.0
640,1.0,0.16666666666666663,0.2857142857142857,0.015625
641,1.0,0.16666666666666663,0.2857142857142857,0.0
642,1.0,0.16666666666666663,0.2857142857142857,0.015625
643,1.0,0.16666666666666663,0.2857142857142857,0.015625
644,1.0,0.16666666666666663,0.2857142857142857,0.0
645,1.0,0.16666666666666663,0.2857142857142857,0.0
646,1.0,0.16666666666666663,0.2857142857142857,0.015625
647,1.0,0.16666666666666663,0.2857142857142857,0.0
648,1.0,0.16666666666666663,0.2857142857142857,0.015625
649,1.0,0.16666666666666663,0.2857142857142857,0.0
650,1.0,0.16666666666666663,0.2857142857142857,0.046875
651,1.0,0.16666666666666663,0.2857142857142857,0.0
652,1.0,0.16666666666666663,0.2857142857142857,0.0
653,1.0,0.16666666666666663,0.2857142857142857,0.015625
654,1.0,0.16666666666666663,0.2857142857142857,0.0
655,1.0,0.16666666666666663,0.2857142857142857,0.0
656,1.0,0.16666666666666663,0.2857142857142857,0.015625
657,1.0,0.16666666666666663,0.2857142857142857,0.015625
658,1.0,0.16666666666666663,0.2857142857142857,0.0
659,1.0,0.16666666666666663,0.2857142857142857,0.0
660,1.0,0.16666666666666663,0.2857142857142857,0.015625
661,1.0,0.16666666666666663,0.2857142857142857,0.0
662,1.0,0.16666666666666663,0.2857142857142857,0.0
663,1.0,0.16666666666666663,0.2857142857142857,0.015625
664,1.0,0.16666666666666663,0.2857142857142857,0.0
665,1.0,0.16666666666666663,0.2857142857142857,0.015625
666,1.0,0.16666666666666663,0.2857142857142857,0.0
667,1.0,0.16666666666666663,0.2857142857142857,0.0
668,1.0,0.16666666666666663,0.2857142857142857,0.015625
669,1.0,0.16666666666666663,0.2857142857142857,0.0
670,1.0,0.16666666666666663,0.2857142857142857,0.0
671,1.0,0.16666666666666663,0.2857142857142857,0.015625
672,1.0,0.16666666666666663,0.2857142857142857,0.0
673,1.0,0.16666666666666663,0.2857142857142857,0.015625
674,1.0,0.16666666666666663,0.2857142857142857,0.0
675,1.0,0.16666666666666663,0.2857142857142857,0.0
676,1.0,0.16666666666666663,0.2857142857142857,0.015625
677,1.0,0.16666666666666663,0.2857142857142857,0.0
678,1.0,0.16666666666666663,0.2857142857142857,0.015625
679,1.0,0.16666666666666663,0.2857142857142857,0.0
680,1.0,0.16666666666666663,0.2857142857142857,0.0
681,1.0,0.16666666666666663,0.2857142857142857,0.015625
682,1.0,0.16666666666666663,0.2857142857142857,0.0
683,1.0,0.16666666666666663,0.2857142857142857,0.015625
684,1.0,0.16666666666666663,0.2857142857142857,0.0
685,1.0,0.16666666666666663,0.2857142857142857,0.015625
686,1.0,0.16666666666666663,0.2857142857142857,0.0
687,1.0,0.16666666666666663,0.2857142857142857,0.0
688,1.0,0.16666666666666663,0.2857142857142857,0.015625
689,1.0,0.16666666666666663,0.2857142857142857,0.0
690,1.0,0.16666666666666663,0.2857142857142857,0.015625
691,1.0,0.16666666666666663,0.2857142857142857,0.0
692,1.0,0.16666666666666663,0.2857142857142857,0.015625
693,1.0,0.16666666666666663,0.2857142857142857,0.0
694,1.0,0.16666666666666663,0.2857142857142857,0.0
695,1.0,0.16666666666666663,0.2857142857142857,0.015625
696,1.0,0.16666666666666663,0.2857142857142857,0.0
697,1.0,0.16666666666666663,0.2857142857142857,0.015625
698,1.0,0.16666666666666663,0.2857142857142857,0.0
699,1.0,0.16666666666666663,0.2857142857142857,0.015625
700,1.0,0.16666666666666663,0.2857142857142857,0.0
701,1.0,0.16666666666666663,0.2857142857142857,0.0
702,1.0,0.16666666666666663,0.2857142857142857,0.015625
703,1.0,0.16666666666666663,0.2857142857142857,0.0
704,1.0,0.16666666666666663,0.2857142857142857,0.0
705,1.0,0.16666666666666663,0.2857142857142857,0.015625
706,1.0,0.16666666666666663,0.2857142857142857,0.015625
707,1.0,0.16666666666666663,0.2857142857142857,0.0
708,1.0,0.16666666666666663,0.2857142857142857,0.0
709,1.0,0.16666666666666663,0.2857142857142857,0.015625
710,1.0,0.16666666666666663,0.2857142857142857,0.0
711,1.0,0.16666666666666663,0.2857142857142857,0.015625
712,1.0,0.16666666666666663,0.2857142857142857,0.0
713,1.0,0.16666666666666663,0.2857142857142857,0.015625
714,1.0,0.16666666666666663,0.2857142857142857,0.0
715,1.0,0.16666666666666663,0.2857142857142857,0.015625
716,1.0,0.16666666666666663,0.2857142857142857,0.0
717,1.0,0.16666666666666663,0.2857142857142857,0.015625
718,1.0,0.16666666666666663,0.2857142857142857,0.0
719,1.0,0.16666666666666663,0.2857142857142857,0.015625
720,1.0,0.16666666666666663,0.2857142857142857,0.0
721,1.0,0.16666666666666663,0.2857142857142857,0.0
722,1.0,0.16666666666666663,0.2857142857142857,0.015625
723,1.0,0.16666666666666663,0.2857142857142857,0.0
724,1.0,0.16666666666666663,0.2857142857142857,0.015625
725,1.0,0.16666666666666663,0.2857142857142857,0.0
726,1.0,0.16666666666666663,0.2857142857142857,0.015625
727,1.0,0.16666666666666663,0.2857142857142857,0.0
728,1.0,0.16666666666666663,0.2857142857142857,0.03125
729,1.0,0.16666666666666663,0.2857142857142857,0.015625
730,1.0,0.16666666666666663,0.2857142857142857,0.0
731,1.0,0.16666666666666663,0.2857142857142857,0.0
732,1.0,0.16666666666666663,0.2857142857142857,0.015625
733,1.0,0.16666666666666663,0.2857142857142857,0.0
734,1.0,0.16666666666666663,0.2857142857142857,0.015625
735,1.0,0.16666666666666663,0.2857142857142857,0.0
736,1.0,0.16666666666666663,0.2857142857142857,0.015625
737,1.0,0.16666666666666663,0.2857142857142857,0.0
738,1.0,0.16666666666666663,0.2857142857142857,0.0
739,1.0,0.16666666666666663,0.2857142857142857,0.015625
740,1.0,0.16666666666666663,0.2857142857142857,0.0
741,1.0,0.16666666666666663,0.2857142857142857,0.0
742,1.0,0.16666666666666663,0.2857142857142857,0.015625
743,1.0,0.16666666666666663,0.2857142857142857,0.0
744,1.0,0.16666666666666663,0.2857142857142857,0.0
745,1.0,0.16666666666666663,0.2857142857142857,0.015625
746,1.0,0.16666666666666663,0.2857142857142857,0.0
747,1.0,0.16666666666666663,0.2857142857142857,0.0
748,1.0,0.16666666666666663,0.2857142857142857,0.015625
749,1.0,0.16666666666666663,0.2857142857142857,0.0
750,1.0,0.16666666666666663,0.2857142857142857,0.0
751,1.0,0.16666666666666663,0.2857142857142857,0.015625
752,1.0,0.16666666666666663,0.2857142857142857,0.0
753,1.0,0.16666666666666663,0.2857142857142857,0.015625
754,1.0,0.16666666666666663,0.2857142857142857,0.0
755,1.0,0.16666666666666663,0.2857142857142857,0.0
756,1.0,0.16666666666666663,0.2857142857142857,0.015625
757,1.0,0.16666666666666663,0.2857142857142857,0.0
758,1.0,0.16666666666666663,0.2857142857142857,0.015625
759,1.0,0.16666666666666663,0.2857142857142857,0.0
760,1.0,0.16666666666666663,0.2857142857142857,0.0
761,1.0,0.16666666666666663,0.2857142857142857,0.015625
762,1.0,0.16666666666666663,0.2857142857142857,0.0
763,1.0,0.16666666666666663,0.2857142857142857,0.015625
764,1.0,0.16666666666666663,0.2857142857142857,0.0
765,1.0,0.16666666666666663,0.2857142857142857,0.015625
766,1.0,0.16666666666666663,0.2857142857142857,0.0
767,1.0,0.16666666666666663,0.2857142857142857,0.0
768,1.0,0.16666666666666663,0.2857142857142857,0.015625
769,1.0,0.16666666666666663,0.2857142857142857,0.015625
770,1.0,0.16666666666666663,0.2857142857142857,0.0
771,1.0,0.16666666666666663,0.2857142857142857,0.015625
772,1.0,0.16666666666666663,0.2857142857142857,0.0
773,1.0,0.16666666666666663,0.2857142857142857,0.0
774,1.0,0.16666666666666663,0.2857142857142857,0.03125
775,1.0,0.16666666666666663,0.2857142857142857,0.0
776,1.0,0.16666666666666663,0.2857142857142857,0.015625
777,1.0,0.16666666666666663,0.2857142857142857,0.0
778,1.0,0.16666666666666663,0.2857142857142857,0.015625
779,1.0,0.16666666666666663,0.2857142857142857,0.0
780,1.0,0.16666666666666663,0.2857142857142857,0.0
781,1.0,0.16666666666666663,0.2857142857142857,0.015625
782,1.0,0.16666666666666663,0.2857142857142857,0.0
783,1.0,0.16666666666666663,0.2857142857142857,0.015625
784,1.0,0.16666666666666663,0.2857142857142857,0.0
785,1.0,0.16666666666666663,0.2857142857142857,0.046875
786,1.0,0.16666666666666663,0.2857142857142857,0.0
787,1.0,0.16666666666666663,0.2857142857142857,0.0
788,1.0,0.16666666666666663,0.2857142857142857,0.015625
789,1.0,0.16666666666666663,0.2857142857142857,0.015625
790,1.0,0.16666666666666663,0.2857142857142857,0.0
791,1.0,0.16666666666666663,0.2857142857142857,0.015625
792,1.0,0.16666666666666663,0.2857142857142857,0.0
793,1.0,0.16666666666666663,0.2857142857142857,0.0
794,1.0,0.16666666666666663,0.2857142857142857,0.015625
795,1.0,0.16666666666666663,0.2857142857142857,0.0
796,1.0,0.16666666666666663,0.2857142857142857,0.015625
797,1.0,0.16666666666666663,0.2857142857142857,0.0
798,1.0,0.16666666666666663,0.2857142857142857,0.0
799,1.0,0.16666666666666663,0.2857142857142857,0.015625
800,1.0,0.16666666666666663,0.2857142857142857,0.0
801,1.0,0.16666666666666663,0.2857142857142857,0.0
802,1.0,0.16666666666666663,0.2857142857142857,0.015625
803,1.0,0.16666666666666663,0.2857142857142857,0.015625
804,1.0,0.16666666666666663,0.2857142857142857,0.0
805,1.0,0.16666666666666663,0.2857142857142857,0.0
806,1.0,0.16666666666666663,0.2857142857142857,0.015625
807,1.0,0.16666666666666663,0.2857142857142857,0.0
808,1.0,0.16666666666666663,0.2857142857142857,0.0
809,1.0,0.16666666666666663,0.2857142857142857,0.015625
810,1.0,0.16666666666666663,0.2857142857142857,0.0
811,1.0,0.16666666666666663,0.2857142857142857,0.015625
812,1.0,0.16666666666666663,0.2857142857142857,0.0
813,1.0,0.16666666666666663,0.2857142857142857,0.015625
814,1.0,0.16666666666666663,0.2857142857142857,0.0
815,1.0,0.16666666666666663,0.2857142857142857,0.0
816,1.0,0.16666666666666663,0.2857142857142857,0.015625
817,1.0,0.16666666666666663,0.2857142857142857,0.0
818,1.0,0.16666666666666663,0.2857142857142857,0.0
819,1.0,0.16666666666666663,0.2857142857142857,0.015625
820,1.0,0.16666666666666663,0.2857142857142857,0.0
821,1.0,0.16666666666666663,0.2857142857142857,0.0
822,1.0,0.16666666666666663,0.2857142857142857,0.015625
823,1.0,0.16666666666666663,0.2857142857142857,0.0
824,1.0,0.16666666666666663,0.2857142857142857,0.0
825,1.0,0.16666666666666663,0.2857142857142857,0.015625
826,1.0,0.16666666666666663,0.2857142857142857,0.0
827,1.0,0.16666666666666663,0.2857142857142857,0.015625
828,1.0,0.16666666666666663,0.2857142857142857,0.0
829,1.0,0.16666666666666663,0.2857142857142857,0.015625
830,1.0,0.16666666666666663,0.2857142857142857,0.0
831,1.0,0.16666666666666663,0.2857142857142857,0.0
832,1.0,0.16666666666666663,0.2857142857142857,0.015625
833,1.0,0.16666666666666663,0.2857142857142857,0.0
834,1.0,0.16666666666666663,0.2857142857142857,0.015625
835,1.0,0.16666666666666663,0.2857142857142857,0.0
836,1.0,0.16666666666666663,0.2857142857142857,0.0
837,1.0,0.16666666666666663,0.2857142857142857,0.015625
838,1.0,0.16666666666666663,0.2857142857142857,0.0
839,1.0,0.16666666666666663,0.2857142857142857,0.015625
840,1.0,0.16666666666666663,0.2857142857142857,0.0
841,1.0,0.16666666666666663,0.2857142857142857,0.0
842,1.0,0.16666666666666663,0.2857142857142857,0.015625
843,1.0,0.16666666666666663,0.2857142857142857,0.0
844,1.0,0.16666666666666663,0.2857142857142857,0.0
845,1.0,0.16666666666666663,0.2857142857142857,0.015625
846,1.0,0.16666666666666663,0.2857142857142857,0.0
847,1.0,0.16666666666666663,0.2857142857142857,0.015625
848,1.0,0.16666666666666663,0.2857142857142857,0.0
849,1.0,0.16666666666666663,0.2857142857142857,0.0
850,1.0,0.16666666666666663,0.2857142857142857,0.015625
851,1.0,0.16666666666666663,0.2857142857142857,0.0
852,1.0,0.16666666666666663,0.2857142857142857,0.0
853,1.0,0.16666666666666663,0.2857142857142857,0.015625
854,1.0,0.16666666666666663,0.2857142857142857,0.0
855,1.0,0.16666666666666663,0.2857142857142857,0.015625
856,1.0,0.16666666666666663,0.2857142857142857,0.0
857,1.0,0.16666666666666663,0.2857142857142857,0.0
858,1.0,0.16666666666666663,0.2857142857142857,0.015625
859,1.0,0.16666666666666663,0.2857142857142857,0.0
860,1.0,0.16666666666666663,0.2857142857142857,0.0
861,1.0,0.16666666666666663,0.2857142857142857,0.015625
862,0.8571428571428572,0.125,0.21818181818181817,0.0
863,1.0,0.16666666666666663,0.2857142857142857,0.0
864,1.0,0.16666666666666663,0.2857142857142857,0.015625
865,1.0,0.16666666666666663,0.2857142857142857,0.0
866,1.0,0.16666666666666663,0.2857142857142857,0.015625
867,1.0,0.16666666666666663,0.2857142857142857,0.0
868,1.0,0.16666666666666663,0.2857142857142857,0.0
869,1.0,0.16666666666666663,0.2857142857142857,0.015625
870,1.0,0.16666666666666663,0.2857142857142857,0.0
871,1.0,0.16666666666666663,0.2857142857142857,0.0
872,1.0,0.16666666666666663,0.2857142857142857,0.015625
873,1.0,0.16666666666666663,0.2857142857142857,0.0
874,1.0,0.16666666666666663,0.2857142857142857,0.0
875,1.0,0.16666666666666663,0.2857142857142857,0.015625
876,1.0,0.16666666666666663,0.2857142857142857,0.0
877,1.0,0.16666666666666663,0.2857142857142857,0.015625
878,1.0,0.16666666666666663,0.2857142857142857,0.0
879,1.0,0.16666666666666663,0.2857142857142857,0.015625
880,1.0,0.16666666666666663,0.2857142857142857,0.0
881,1.0,0.16666666666666663,0.2857142857142857,0.0
882,1.0,0.16666666666666663,0.2857142857142857,0.015625
883,1.0,0.16666666666666663,0.2857142857142857,0.0
884,1.0,0.16666666666666663,0.2857142857142857,0.0
885,1.0,0.16666666666666663,0.2857142857142857,0.015625
886,1.0,0.16666666666666663,0.2857142857142857,0.0
887,1.0,0.16666666666666663,0.2857142857142857,0.0
888,1.0,0.16666666666666663,0.2857142857142857,0.015625
889,1.0,0.16666666666666663,0.2857142857142857,0.0
890,1.0,0.16666666666666663,0.2857142857142857,0.015625
891,1.0,0.16666666666666663,0.2857142857142857,0.0
892,1.0,0.16666666666666663,0.2857142857142857,0.0
893,1.0,0.16666666666666663,0.2857142857142857,0.015625
894,1.0,0.16666666666666663,0.2857142857142857,0.0
895,1.0,0.16666666666666663,0.2857142857142857,0.0
896,1.0,0.16666666666666663,0.2857142857142857,0.015625
897,1.0,0.16666666666666663,0.2857142857142857,0.0
898,1.0,0.16666666666666663,0.2857142857142857,0.015625
899,1.0,0.16666666666666663,0.2857142857142857,0.0
900,1.0,0.16666666666666663,0.2857142857142857,0.0
901,1.0,0.16666666666666663,0.2857142857142857,0.0
902,1.0,0.16666666666666663,0.2857142857142857,0.0
903,1.0,0.16666666666666663,0.2857142857142857,0.0
904,1.0,0.16666666666666663,0.2857142857142857,0.015625
905,1.0,0.16666666666666663,0.2857142857142857,0.0
906,1.0,0.16666666666666663,0.2857142857142857,0.015625
907,1.0,0.16666666666666663,0.2857142857142857,0.015625
908,1.0,0.16666666666666663,0.2857142857142857,0.0
909,1.0,0.16666666666666663,0.2857142857142857,0.0
910,1.0,0.16666666666666663,0.2857142857142857,0.0
911,1.0,0.16666666666666663,0.2857142857142857,0.015625
912,1.0,0.16666666666666663,0.2857142857142857,0.0
913,1.0,0.16666666666666663,0.2857142857142857,0.015625
914,1.0,0.16666666666666663,0.2857142857142857,0.0
915,1.0,0.16666666666666663,0.2857142857142857,0.0
916,1.0,0.16666666666666663,0.2857142857142857,0.015625
917,1.0,0.16666666666666663,0.2857142857142857,0.0
918,0.875,0.16666666666666663,0.28,0.015625
919,1.0,0.16666666666666663,0.2857142857142857,0.0
920,1.0,0.16666666666666663,0.2857142857142857,0.0
921,1.0,0.16666666666666663,0.2857142857142857,0.015625
922,1.0,0.16666666666666663,0.2857142857142857,0.0
923,1.0,0.16666666666666663,0.2857142857142857,0.015625
924,1.0,0.16666666666666663,0.2857142857142857,0.0
925,1.0,0.16666666666666663,0.2857142857142857,0.0
926,1.0,0.16666666666666663,0.2857142857142857,0.015625
927,1.0,0.16666666666666663,0.2857142857142857,0.0
928,1.0,0.16666666666666663,0.2857142857142857,0.0
929,1.0,0.16666666666666663,0.2857142857142857,0.015625
930,1.0,0.16666666666666663,0.2857142857142857,0.0
931,1.0,0.16666666666666663,0.2857142857142857,0.0
932,1.0,0.16666666666666663,0.2857142857142857,0.015625
933,1.0,0.16666666666666663,0.2857142857142857,0.0
934,1.0,0.16666666666666663,0.2857142857142857,0.015625
935,1.0,0.16666666666666663,0.2857142857142857,0.0
936,1.0,0.16666666666666663,0.2857142857142857,0.015625
937,1.0,0.16666666666666663,0.2857142857142857,0.0
938,1.0,0.16666666666666663,0.2857142857142857,0.0
939,1.0,0.16666666666666663,0.2857142857142857,0.015625
940,1.0,0.16666666666666663,0.2857142857142857,0.0
941,1.0,0.16666666666666663,0.2857142857142857,0.046875
942,1.0,0.16666666666666663,0.2857142857142857,0.0
943,1.0,0.16666666666666663,0.2857142857142857,0.015625
944,1.0,0.16666666666666663,0.2857142857142857,0.0
945,1.0,0.16666666666666663,0.2857142857142857,0.0
946,1.0,0.16666666666666663,0.2857142857142857,0.015625
947,1.0,0.16666666666666663,0.2857142857142857,0.0
948,1.0,0.16666666666666663,0.2857142857142857,0.015625
949,1.0,0.16666666666666663,0.2857142857142857,0.0
950,1.0,0.16666666666666663,0.2857142857142857,0.0
951,1.0,0.16666666666666663,0.2857142857142857,0.015625
952,1.0,0.16666666666666663,0.2857142857142857,0.0
953,1.0,0.16666666666666663,0.2857142857142857,0.0
954,1.0,0.16666666666666663,0.2857142857142857,0.015625
955,0.6363636363636364,0.1333333333333333,0.22047244094488183,0.015625
956,1.0,0.16666666666666663,0.2857142857142857,0.0
957,1.0,0.16666666666666663,0.2857142857142857,0.0
958,1.0,0.16666666666666663,0.2857142857142857,0.015625
959,1.0,0.16666666666666663,0.2857142857142857,0.0
960,1.0,0.16666666666666663,0.2857142857142857,0.0
961,1.0,0.16666666666666663,0.2857142857142857,0.015625
962,1.0,0.16666666666666663,0.2857142857142857,0.0
963,1.0,0.16666666666666663,0.2857142857142857,0.0
964,1.0,0.16666666666666663,0.2857142857142857,0.015625
965,1.0,0.16666666666666663,0.2857142857142857,0.0
966,1.0,0.16666666666666663,0.2857142857142857,0.015625
967,1.0,0.16666666666666663,0.2857142857142857,0.0
968,1.0,0.16666666666666663,0.2857142857142857,0.015625
969,1.0,0.16666666666666663,0.2857142857142857,0.0
970,1.0,0.16666666666666663,0.2857142857142857,0.015625
971,1.0,0.16666666666666663,0.2857142857142857,0.0
972,1.0,0.16666666666666663,0.2857142857142857,0.015625
973,1.0,0.16666666666666663,0.2857142857142857,0.0
974,1.0,0.16666666666666663,0.2857142857142857,0.015625
975,1.0,0.16666666666666663,0.2857142857142857,0.0
976,1.0,0.16666666666666663,0.2857142857142857,0.03125
977,1.0,0.16666666666666663,0.2857142857142857,0.0
978,1.0,0.16666666666666663,0.2857142857142857,0.0
979,1.0,0.16666666666666663,0.2857142857142857,0.015625
980,1.0,0.16666666666666663,0.2857142857142857,0.0
981,1.0,0.16666666666666663,0.2857142857142857,0.0
982,1.0,0.16666666666666663,0.2857142857142857,0.015625
983,1.0,0.16666666666666663,0.2857142857142857,0.0
984,1.0,0.16666666666666663,0.2857142857142857,0.015625
985,1.0,0.16666666666666663,0.2857142857142857,0.0
986,1.0,0.16666666666666663,0.2857142857142857,0.0
987,1.0,0.16666666666666663,0.2857142857142857,0.015625
988,1.0,0.16666666666666663,0.2857142857142857,0.0
989,1.0,0.16666666666666663,0.2857142857142857,0.0
990,1.0,0.16666666666666663,0.2857142857142857,0.015625
991,1.0,0.16666666666666663,0.2857142857142857,0.0
992,1.0,0.16666666666666663,0.2857142857142857,0.0
993,1.0,0.16666666666666663,0.2857142857142857,0.015625
994,1.0,0.16666666666666663,0.2857142857142857,0.0
995,1.0,0.16666666666666663,0.2857142857142857,0.0
996,1.0,0.16666666666666663,0.2857142857142857,0.015625
997,1.0,0.16666666666666663,0.2857142857142857,0.0
998,1.0,0.16666666666666663,0.2857142857142857,0.0
999,1.0,0.16666666666666663,0.2857142857142857,0.015625
1000,1.0,0.16666666666666663,0.2857142857142857,0.0
1001,1.0,0.16666666666666663,0.2857142857142857,0.015625
1002,1.0,0.16666666666666663,0.2857142857142857,0.0
1003,1.0,0.16666666666666663,0.2857142857142857,0.0
1004,1.0,0.16666666666666663,0.2857142857142857,0.015625
1005,1.0,0.16666666666666663,0.2857142857142857,0.015625
1006,1.0,0.16666666666666663,0.2857142857142857,0.0
1007,1.0,0.16666666666666663,0.2857142857142857,0.0
1008,1.0,0.16666666666666663,0.2857142857142857,0.015625
1009,1.0,0.16666666666666663,0.2857142857142857,0.0
1010,1.0,0.16666666666666663,0.2857142857142857,0.015625
1011,1.0,0.16666666666666663,0.2857142857142857,0.0
1012,1.0,0.16666666666666663,0.2857142857142857,0.0
1013,1.0,0.16666666666666663,0.2857142857142857,0.0
1014,1.0,0.16666666666666663,0.2857142857142857,0.015625
1015,1.0,0.16666666666666663,0.2857142857142857,0.0
1016,1.0,0.16666666666666663,0.2857142857142857,0.015625
1017,1.0,0.16666666666666663,0.2857142857142857,0.015625
1018,1.0,0.16666666666666663,0.2857142857142857,0.0
1019,1.0,0.16666666666666663,0.2857142857142857,0.0
1020,1.0,0.16666666666666663,0.2857142857142857,0.015625
1021,1.0,0.16666666666666663,0.2857142857142857,0.0
1022,1.0,0.16666666666666663,0.2857142857142857,0.0
1023,1.0,0.16666666666666663,0.2857142857142857,0.015625
1024,1.0,0.16666666666666663,0.2857142857142857,0.0
1025,1.0,0.16666666666666663,0.2857142857142857,0.0
1026,1.0,0.16666666666666663,0.2857142857142857,0.015625
1027,1.0,0.16666666666666663,0.2857142857142857,0.0
1028,1.0,0.16666666666666663,0.2857142857142857,0.0
1029,1.0,0.16666666666666663,0.2857142857142857,0.015625
1030,1.0,0.16666666666666663,0.2857142857142857,0.0
1031,1.0,0.16666666666666663,0.2857142857142857,0.015625
1032,1.0,0.16666666666666663,0.2857142857142857,0.0
1033,1.0,0.16666666666666663,0.2857142857142857,0.0
1034,1.0,0.16666666666666663,0.2857142857142857,0.015625
1035,1.0,0.16666666666666663,0.2857142857142857,0.015625
1036,1.0,0.16666666666666663,0.2857142857142857,0.0
1037,1.0,0.16666666666666663,0.2857142857142857,0.015625
1038,1.0,0.16666666666666663,0.2857142857142857,0.0
1039,1.0,0.16666666666666663,0.2857142857142857,0.015625
1040,1.0,0.16666666666666663,0.2857142857142857,0.0
1041,1.0,0.16666666666666663,0.2857142857142857,0.0
1042,0.875,0.16666666666666663,0.28,0.015625
1043,1.0,0.16666666666666663,0.2857142857142857,0.0
1044,1.0,0.16666666666666663,0.2857142857142857,0.015625
1045,1.0,0.16666666666666663,0.2857142857142857,0.0
1046,1.0,0.16666666666666663,0.2857142857142857,0.0
1047,1.0,0.16666666666666663,0.2857142857142857,0.015625
1048,1.0,0.16666666666666663,0.2857142857142857,0.015625
1049,1.0,0.16666666666666663,0.2857142857142857,0.0
1050,1.0,0.16666666666666663,0.2857142857142857,0.015625
1051,1.0,0.16666666666666663,0.2857142857142857,0.0
1052,1.0,0.16666666666666663,0.2857142857142857,0.0
1053,1.0,0.16666666666666663,0.2857142857142857,0.015625
1054,1.0,0.16666666666666663,0.2857142857142857,0.0
1055,1.0,0.16666666666666663,0.2857142857142857,0.015625
1056,1.0,0.16666666666666663,0.2857142857142857,0.0
1057,1.0,0.16666666666666663,0.2857142857142857,0.0
1058,1.0,0.16666666666666663,0.2857142857142857,0.015625
1059,1.0,0.16666666666666663,0.2857142857142857,0.0
1060,1.0,0.16666666666666663,0.2857142857142857,0.0
1061,1.0,0.16666666666666663,0.2857142857142857,0.015625
1062,1.0,0.16666666666666663,0.2857142857142857,0.03125
1063,1.0,0.16666666666666663,0.2857142857142857,0.015625
1064,1.0,0.16666666666666663,0.2857142857142857,0.0
1065,1.0,0.16666666666666663,0.2857142857142857,0.0
1066,1.0,0.16666666666666663,0.2857142857142857,0.015625
1067,1.0,0.16666666666666663,0.2857142857142857,0.0
1068,1.0,0.16666666666666663,0.2857142857142857,0.0
1069,1.0,0.16666666666666663,0.2857142857142857,0.015625
1070,1.0,0.16666666666666663,0.2857142857142857,0.0
1071,1.0,0.16666666666666663,0.2857142857142857,0.015625
1072,1.0,0.16666666666666663,0.2857142857142857,0.0
1073,1.0,0.16666666666666663,0.2857142857142857,0.0
1074,1.0,0.16666666666666663,0.2857142857142857,0.0
1075,1.0,0.16666666666666663,0.2857142857142857,0.015625
1076,1.0,0.16666666666666663,0.2857142857142857,0.0
1077,1.0,0.16666666666666663,0.2857142857142857,0.015625
1078,1.0,0.16666666666666663,0.2857142857142857,0.015625
1079,1.0,0.16666666666666663,0.2857142857142857,0.0
1080,1.0,0.16666666666666663,0.2857142857142857,0.0
1081,1.0,0.16666666666666663,0.2857142857142857,0.015625
1082,1.0,0.16666666666666663,0.2857142857142857,0.015625
1083,1.0,0.16666666666666663,0.2857142857142857,0.0
1084,1.0,0.16666666666666663,0.2857142857142857,0.015625
1085,1.0,0.16666666666666663,0.2857142857142857,0.0
1086,1.0,0.16666666666666663,0.2857142857142857,0.0
1087,1.0,0.16666666666666663,0.2857142857142857,0.015625
1088,1.0,0.16666666666666663,0.2857142857142857,0.0
1089,1.0,0.16666666666666663,0.2857142857142857,0.0
1090,1.0,0.16666666666666663,0.2857142857142857,0.015625
1091,1.0,0.16666666666666663,0.2857142857142857,0.0
1092,1.0,0.16666666666666663,0.2857142857142857,0.0
1093,1.0,0.16666666666666663,0.2857142857142857,0.015625
1094,1.0,0.16666666666666663,0.2857142857142857,0.0
1095,1.0,0.16666666666666663,0.2857142857142857,0.015625
1096,1.0,0.16666666666666663,0.2857142857142857,0.0
1097,1.0,0.16666666666666663,0.2857142857142857,0.015625
1098,1.0,0.16666666666666663,0.2857142857142857,0.0
1099,1.0,0.16666666666666663,0.2857142857142857,0.0
1100,1.0,0.16666666666666663,0.2857142857142857,0.015625
1101,1.0,0.16666666666666663,0.2857142857142857,0.0
1102,1.0,0.16666666666666663,0.2857142857142857,0.0
1103,1.0,0.16666666666666663,0.2857142857142857,0.015625
1104,1.0,0.16666666666666663,0.2857142857142857,0.0
1105,1.0,0.16666666666666663,0.2857142857142857,0.015625
1106,1.0,0.16666666666666663,0.2857142857142857,0.0
1107,0.9090909090909091,0.14583333333333337,0.251346499102334,0.015625
1108,1.0,0.16666666666666663,0.2857142857142857,0.0
1109,1.0,0.16666666666666663,0.2857142857142857,0.0
1110,1.0,0.16666666666666663,0.2857142857142857,0.015625
1111,1.0,0.16666666666666663,0.2857142857142857,0.0
1112,1.0,0.16666666666666663,0.2857142857142857,0.0
1113,1.0,0.16666666666666663,0.2857142857142857,0.015625
1114,1.0,0.16666666666666663,0.2857142857142857,0.0
1115,1.0,0.16666666666666663,0.2857142857142857,0.015625
1116,1.0,0.16666666666666663,0.2857142857142857,0.0
1117,1.0,0.16666666666666663,0.2857142857142857,0.0
1118,1.0,0.16666666666666663,0.2857142857142857,0.015625
1119,1.0,0.16666666666666663,0.2857142857142857,0.0
1120,1.0,0.16666666666666663,0.2857142857142857,0.015625
1121,1.0,0.16666666666666663,0.2857142857142857,0.0
1122,1.0,0.16666666666666663,0.2857142857142857,0.0
1123,1.0,0.16666666666666663,0.2857142857142857,0.015625
1124,1.0,0.16666666666666663,0.2857142857142857,0.0
1125,1.0,0.16666666666666663,0.2857142857142857,0.015625
1126,1.0,0.16666666666666663,0.2857142857142857,0.0
1127,1.0,0.16666666666666663,0.2857142857142857,0.0
1128,1.0,0.16666666666666663,0.2857142857142857,0.015625
1129,1.0,0.16666666666666663,0.2857142857142857,0.0
1130,1.0,0.16666666666666663,0.2857142857142857,0.015625
1131,1.0,0.16666666666666663,0.2857142857142857,0.0
1132,1.0,0.16666666666666663,0.2857142857142857,0.0
1133,1.0,0.16666666666666663,0.2857142857142857,0.015625
1134,1.0,0.16666666666666663,0.2857142857142857,0.0
1135,1.0,0.16666666666666663,0.2857142857142857,0.015625
1136,1.0,0.16666666666666663,0.2857142857142857,0.0
1137,1.0,0.16666666666666663,0.2857142857142857,0.0
1138,1.0,0.16666666666666663,0.2857142857142857,0.015625
1139,1.0,0.16666666666666663,0.2857142857142857,0.0
1140,1.0,0.16666666666666663,0.2857142857142857,0.015625
1141,1.0,0.16666666666666663,0.2857142857142857,0.0
1142,1.0,0.16666666666666663,0.2857142857142857,0.0
1143,1.0,0.16666666666666663,0.2857142857142857,0.015625
1144,1.0,0.16666666666666663,0.2857142857142857,0.0
1145,1.0,0.16666666666666663,0.2857142857142857,0.0
1146,1.0,0.16666666666666663,0.2857142857142857,0.015625
1147,1.0,0.16666666666666663,0.2857142857142857,0.0
1148,1.0,0.16666666666666663,0.2857142857142857,0.0
1149,1.0,0.16666666666666663,0.2857142857142857,0.015625
1150,1.0,0.16666666666666663,0.2857142857142857,0.0
1151,1.0,0.16666666666666663,0.2857142857142857,0.015625
1152,1.0,0.16666666666666663,0.2857142857142857,0.0
1153,1.0,0.16666666666666663,0.2857142857142857,0.015625
1154,1.0,0.16666666666666663,0.2857142857142857,0.0
1155,1.0,0.16666666666666663,0.2857142857142857,0.0
1156,1.0,0.16666666666666663,0.2857142857142857,0.0
1157,1.0,0.16666666666666663,0.2857142857142857,0.015625
1158,1.0,0.16666666666666663,0.2857142857142857,0.0
1159,1.0,0.16666666666666663,0.2857142857142857,0.0
1160,1.0,0.16666666666666663,0.2857142857142857,0.015625
1161,1.0,0.16666666666666663,0.2857142857142857,0.0
1162,1.0,0.16666666666666663,0.2857142857142857,0.015625
1163,1.0,0.16666666666666663,0.2857142857142857,0.0
1164,1.0,0.16666666666666663,0.2857142857142857,0.015625
1165,1.0,0.16666666666666663,0.2857142857142857,0.0
1166,1.0,0.16666666666666663,0.2857142857142857,0.0
1167,1.0,0.16666666666666663,0.2857142857142857,0.015625
1168,1.0,0.16666666666666663,0.2857142857142857,0.0
1169,1.0,0.16666666666666663,0.2857142857142857,0.015625
1170,1.0,0.16666666666666663,0.2857142857142857,0.0
1171,1.0,0.16666666666666663,0.2857142857142857,0.0
1172,1.0,0.16666666666666663,0.2857142857142857,0.015625
1173,1.0,0.16666666666666663,0.2857142857142857,0.0
1174,1.0,0.16666666666666663,0.2857142857142857,0.0
1175,1.0,0.16666666666666663,0.2857142857142857,0.015625
1176,1.0,0.16666666666666663,0.2857142857142857,0.0
1177,1.0,0.16666666666666663,0.2857142857142857,0.015625
1178,1.0,0.16666666666666663,0.2857142857142857,0.0
1179,1.0,0.16666666666666663,0.2857142857142857,0.015625
1180,1.0,0.16666666666666663,0.2857142857142857,0.0
1181,1.0,0.16666666666666663,0.2857142857142857,0.0
1182,1.0,0.16666666666666663,0.2857142857142857,0.015625
1183,1.0,0.16666666666666663,0.2857142857142857,0.0
1184,1.0,0.16666666666666663,0.2857142857142857,0.015625
1185,1.0,0.16666666666666663,0.2857142857142857,0.0
1186,1.0,0.16666666666666663,0.2857142857142857,0.015625
1187,1.0,0.16666666666666663,0.2857142857142857,0.0
1188,1.0,0.16666666666666663,0.2857142857142857,0.015625
1189,1.0,0.16666666666666663,0.2857142857142857,0.0
1190,1.0,0.16666666666666663,0.2857142857142857,0.015625
1191,1.0,0.16666666666666663,0.2857142857142857,0.0
1192,1.0,0.16666666666666663,0.2857142857142857,0.015625
1193,1.0,0.16666666666666663,0.2857142857142857,0.0
1194,1.0,0.16666666666666663,0.2857142857142857,0.0
1195,1.0,0.16666666666666663,0.2857142857142857,0.015625
1196,1.0,0.16666666666666663,0.2857142857142857,0.0
1197,1.0,0.16666666666666663,0.2857142857142857,0.0
1198,1.0,0.16666666666666663,0.2857142857142857,0.015625
1199,1.0,0.16666666666666663,0.2857142857142857,0.0
1200,1.0,0.16666666666666663,0.2857142857142857,0.015625
1201,1.0,0.16666666666666663,0.2857142857142857,0.0
1202,1.0,0.16666666666666663,0.2857142857142857,0.015625
1203,1.0,0.16666666666666663,0.2857142857142857,0.0
1204,1.0,0.16666666666666663,0.2857142857142857,0.0
1205,1.0,0.16666666666666663,0.2857142857142857,0.015625
1206,1.0,0.16666666666666663,0.2857142857142857,0.0
1207,1.0,0.16666666666666663,0.2857142857142857,0.015625
1208,1.0,0.16666666666666663,0.2857142857142857,0.015625
1209,1.0,0.16666666666666663,0.2857142857142857,0.0
1210,1.0,0.16666666666666663,0.2857142857142857,0.0
1211,0.8333333333333334,0.16666666666666663,0.27777777777777773,0.015625
1212,1.0,0.16666666666666663,0.2857142857142857,0.0
1213,1.0,0.16666666666666663,0.2857142857142857,0.015625
1214,1.0,0.16666666666666663,0.2857142857142857,0.0
1215,1.0,0.16666666666666663,0.2857142857142857,0.0
1216,1.0,0.16666666666666663,0.2857142857142857,0.015625
1217,1.0,0.16666666666666663,0.2857142857142857,0.03125
1218,1.0,0.16666666666666663,0.2857142857142857,0.015625
1219,1.0,0.16666666666666663,0.2857142857142857,0.0
1220,1.0,0.16666666666666663,0.2857142857142857,0.015625
1221,1.0,0.16666666666666663,0.2857142857142857,0.0
1222,1.0,0.16666666666666663,0.2857142857142857,0.015625
1223,1.0,0.16666666666666663,0.2857142857142857,0.0
1224,1.0,0.16666666666666663,0.2857142857142857,0.0
1225,1.0,0.16666666666666663,0.2857142857142857,0.015625
1226,1.0,0.16666666666666663,0.2857142857142857,0.015625
1227,1.0,0.16666666666666663,0.2857142857142857,0.0
1228,1.0,0.16666666666666663,0.2857142857142857,0.015625
1229,1.0,0.16666666666666663,0.2857142857142857,0.0
1230,1.0,0.16666666666666663,0.2857142857142857,0.0
1231,1.0,0.16666666666666663,0.2857142857142857,0.015625
1232,1.0,0.16666666666666663,0.2857142857142857,0.0
1233,1.0,0.16666666666666663,0.2857142857142857,0.0
1234,1.0,0.16666666666666663,0.2857142857142857,0.015625
1235,1.0,0.16666666666666663,0.2857142857142857,0.0
1236,1.0,0.16666666666666663,0.2857142857142857,0.0
1237,1.0,0.16666666666666663,0.2857142857142857,0.015625
1238,1.0,0.16666666666666663,0.2857142857142857,0.0
1239,1.0,0.16666666666666663,0.2857142857142857,0.0
1240,1.0,0.16666666666666663,0.2857142857142857,0.015625
1241,1.0,0.16666666666666663,0.2857142857142857,0.0
1242,1.0,0.16666666666666663,0.2857142857142857,0.015625
1243,1.0,0.16666666666666663,0.2857142857142857,0.0
1244,1.0,0.16666666666666663,0.2857142857142857,0.0
1245,1.0,0.16666666666666663,0.2857142857142857,0.015625
1246,1.0,0.16666666666666663,0.2857142857142857,0.0
1247,1.0,0.16666666666666663,0.2857142857142857,0.0
1248,1.0,0.16666666666666663,0.2857142857142857,0.015625
1249,1.0,0.16666666666666663,0.2857142857142857,0.0
1250,0.75,0.125,0.21428571428571427,0.015625
1251,1.0,0.16666666666666663,0.2857142857142857,0.0
1252,1.0,0.16666666666666663,0.2857142857142857,0.015625
1253,1.0,0.16666666666666663,0.2857142857142857,0.0
1254,1.0,0.16666666666666663,0.2857142857142857,0.0
1255,1.0,0.16666666666666663,0.2857142857142857,0.015625
1256,1.0,0.16666666666666663,0.2857142857142857,0.0
1257,1.0,0.16666666666666663,0.2857142857142857,0.015625
1258,1.0,0.16666666666666663,0.2857142857142857,0.0
1259,1.0,0.16666666666666663,0.2857142857142857,0.0
1260,1.0,0.16666666666666663,0.2857142857142857,0.015625
1261,1.0,0.16666666666666663,0.2857142857142857,0.0
1262,1.0,0.16666666666666663,0.2857142857142857,0.0
1263,1.0,0.16666666666666663,0.2857142857142857,0.0
1264,1.0,0.16666666666666663,0.2857142857142857,0.015625
1265,1.0,0.16666666666666663,0.2857142857142857,0.0
1266,1.0,0.16666666666666663,0.2857142857142857,0.015625
1267,1.0,0.16666666666666663,0.2857142857142857,0.0
1268,1.0,0.16666666666666663,0.2857142857142857,0.015625
1269,1.0,0.16666666666666663,0.2857142857142857,0.0
1270,1.0,0.16666666666666663,0.2857142857142857,0.0
1271,1.0,0.16666666666666663,0.2857142857142857,0.0
1272,1.0,0.16666666666666663,0.2857142857142857,0.015625
1273,1.0,0.16666666666666663,0.2857142857142857,0.0
1274,1.0,0.16666666666666663,0.2857142857142857,0.015625
1275,1.0,0.16666666666666663,0.2857142857142857,0.0
1276,1.0,0.16666666666666663,0.2857142857142857,0.015625
1277,1.0,0.16666666666666663,0.2857142857142857,0.0
1278,1.0,0.16666666666666663,0.2857142857142857,0.0
1279,1.0,0.16666666666666663,0.2857142857142857,0.015625
1280,1.0,0.16666666666666663,0.2857142857142857,0.0
1281,1.0,0.16666666666666663,0.2857142857142857,0.0
1282,1.0,0.16666666666666663,0.2857142857142857,0.015625
1283,1.0,0.16666666666666663,0.2857142857142857,0.0
1284,1.0,0.16666666666666663,0.2857142857142857,0.0
1285,1.0,0.16666666666666663,0.2857142857142857,0.015625
1286,1.0,0.16666666666666663,0.2857142857142857,0.0
1287,1.0,0.16666666666666663,0.2857142857142857,0.0
1288,1.0,0.16666666666666663,0.2857142857142857,0.015625
1289,1.0,0.16666666666666663,0.2857142857142857,0.0
1290,1.0,0.16666666666666663,0.2857142857142857,0.0
1291,1.0,0.16666666666666663,0.2857142857142857,0.015625
1292,1.0,0.16666666666666663,0.2857142857142857,0.0
1293,1.0,0.16666666666666663,0.2857142857142857,0.0
1294,1.0,0.16666666666666663,0.2857142857142857,0.015625
1295,1.0,0.16666666666666663,0.2857142857142857,0.0
1296,1.0,0.16666666666666663,0.2857142857142857,0.0
1297,1.0,0.16666666666666663,0.2857142857142857,0.015625
1298,1.0,0.16666666666666663,0.2857142857142857,0.0
1299,1.0,0.16666666666666663,0.2857142857142857,0.0
1300,1.0,0.16666666666666663,0.2857142857142857,0.015625
1301,1.0,0.16666666666666663,0.2857142857142857,0.03125
1302,1.0,0.16666666666666663,0.2857142857142857,0.015625
1303,1.0,0.16666666666666663,0.2857142857142857,0.0
1304,1.0,0.16666666666666663,0.2857142857142857,0.0
1305,1.0,0.16666666666666663,0.2857142857142857,0.015625
1306,1.0,0.16666666666666663,0.2857142857142857,0.0
1307,1.0,0.16666666666666663,0.2857142857142857,0.0
1308,1.0,0.16666666666666663,0.2857142857142857,0.015625
1309,1.0,0.16666666666666663,0.2857142857142857,0.0
1310,1.0,0.16666666666666663,0.2857142857142857,0.0
1311,1.0,0.16666666666666663,0.2857142857142857,0.015625
1312,1.0,0.16666666666666663,0.2857142857142857,0.0
1313,1.0,0.16666666666666663,0.2857142857142857,0.0
1314,1.0,0.16666666666666663,0.2857142857142857,0.0
1315,1.0,0.16666666666666663,0.2857142857142857,0.015625
1316,1.0,0.16666666666666663,0.2857142857142857,0.0
1317,1.0,0.16666666666666663,0.2857142857142857,0.0
1318,1.0,0.16666666666666663,0.2857142857142857,0.015625
1319,1.0,0.16666666666666663,0.2857142857142857,0.0
1320,1.0,0.16666666666666663,0.2857142857142857,0.015625
1321,1.0,0.16666666666666663,0.2857142857142857,0.0
1322,1.0,0.16666666666666663,0.2857142857142857,0.015625
1323,1.0,0.16666666666666663,0.2857142857142857,0.0
1324,1.0,0.16666666666666663,0.2857142857142857,0.0
1325,1.0,0.16666666666666663,0.2857142857142857,0.015625
1326,1.0,0.16666666666666663,0.2857142857142857,0.0
1327,1.0,0.16666666666666663,0.2857142857142857,0.0
1328,1.0,0.16666666666666663,0.2857142857142857,0.0
1329,1.0,0.16666666666666663,0.2857142857142857,0.015625
1330,1.0,0.16666666666666663,0.2857142857142857,0.0
1331,1.0,0.16666666666666663,0.2857142857142857,0.0
1332,1.0,0.16666666666666663,0.2857142857142857,0.015625
1333,1.0,0.16666666666666663,0.2857142857142857,0.0
1334,1.0,0.16666666666666663,0.2857142857142857,0.015625
1335,1.0,0.16666666666666663,0.2857142857142857,0.0
1336,1.0,0.16666666666666663,0.2857142857142857,0.0
1337,1.0,0.16666666666666663,0.2857142857142857,0.015625
1338,1.0,0.16666666666666663,0.2857142857142857,0.0
1339,1.0,0.16666666666666663,0.2857142857142857,0.0
1340,1.0,0.16666666666666663,0.2857142857142857,0.015625
1341,1.0,0.16666666666666663,0.2857142857142857,0.0
1342,1.0,0.16666666666666663,0.2857142857142857,0.015625
1343,1.0,0.16666666666666663,0.2857142857142857,0.0
1344,1.0,0.16666666666666663,0.2857142857142857,0.0
1345,1.0,0.16666666666666663,0.2857142857142857,0.0
1346,1.0,0.16666666666666663,0.2857142857142857,0.015625
1347,1.0,0.16666666666666663,0.2857142857142857,0.0
1348,1.0,0.16666666666666663,0.2857142857142857,0.015625
1349,1.0,0.16666666666666663,0.2857142857142857,0.0
1350,1.0,0.16666666666666663,0.2857142857142857,0.0
1351,1.0,0.16666666666666663,0.2857142857142857,0.0
1352,1.0,0.16666666666666663,0.2857142857142857,0.015625
1353,1.0,0.16666666666666663,0.2857142857142857,0.0
1354,1.0,0.16666666666666663,0.2857142857142857,0.0
1355,1.0,0.16666666666666663,0.2857142857142857,0.015625
1356,1.0,0.16666666666666663,0.2857142857142857,0.0
1357,1.0,0.16666666666666663,0.2857142857142857,0.0
1358,1.0,0.16666666666666663,0.2857142857142857,0.015625
1359,1.0,0.16666666666666663,0.2857142857142857,0.0
1360,1.0,0.16666666666666663,0.2857142857142857,0.0
1361,1.0,0.16666666666666663,0.2857142857142857,0.0
1362,1.0,0.16666666666666663,0.2857142857142857,0.015625
1363,1.0,0.16666666666666663,0.2857142857142857,0.0
1364,1.0,0.16666666666666663,0.2857142857142857,0.0
1365,1.0,0.16666666666666663,0.2857142857142857,0.078125
1366,1.0,0.16666666666666663,0.2857142857142857,0.015625
1367,1.0,0.16666666666666663,0.2857142857142857,0.0
1368,1.0,0.16666666666666663,0.2857142857142857,0.0
1369,1.0,0.16666666666666663,0.2857142857142857,0.015625
1370,1.0,0.16666666666666663,0.2857142857142857,0.0
1371,1.0,0.16666666666666663,0.2857142857142857,0.0
1372,1.0,0.16666666666666663,0.2857142857142857,0.0
1373,1.0,0.16666666666666663,0.2857142857142857,0.015625
1374,1.0,0.16666666666666663,0.2857142857142857,0.0
1375,1.0,0.16666666666666663,0.2857142857142857,0.0
1376,1.0,0.16666666666666663,0.2857142857142857,0.015625
1377,1.0,0.16666666666666663,0.2857142857142857,0.0
1378,1.0,0.16666666666666663,0.2857142857142857,0.015625
1379,1.0,0.16666666666666663,0.2857142857142857,0.0
1380,1.0,0.16666666666666663,0.2857142857142857,0.0
1381,1.0,0.16666666666666663,0.2857142857142857,0.0
1382,1.0,0.16666666666666663,0.2857142857142857,0.015625
1383,1.0,0.16666666666666663,0.2857142857142857,0.0
1384,1.0,0.16666666666666663,0.2857142857142857,0.0
1385,1.0,0.16666666666666663,0.2857142857142857,0.015625
1386,1.0,0.16666666666666663,0.2857142857142857,0.0
1387,1.0,0.16666666666666663,0.2857142857142857,0.015625
1388,1.0,0.16666666666666663,0.2857142857142857,0.0
1389,1.0,0.16666666666666663,0.2857142857142857,0.0
1390,1.0,0.16666666666666663,0.2857142857142857,0.0
1391,1.0,0.16666666666666663,0.2857142857142857,0.015625
1392,1.0,0.16666666666666663,0.2857142857142857,0.0
1393,1.0,0.16666666666666663,0.2857142857142857,0.0
1394,1.0,0.16666666666666663,0.2857142857142857,0.015625
1395,1.0,0.16666666666666663,0.2857142857142857,0.0
1396,1.0,0.16666666666666663,0.2857142857142857,0.0
1397,1.0,0.16666666666666663,0.2857142857142857,0.015625
1398,1.0,0.16666666666666663,0.2857142857142857,0.0
1399,1.0,0.16666666666666663,0.2857142857142857,0.0
1400,1.0,0.16666666666666663,0.2857142857142857,0.015625
1401,1.0,0.16666666666666663,0.2857142857142857,0.0
1402,1.0,0.16666666666666663,0.2857142857142857,0.0
1403,1.0,0.16666666666666663,0.2857142857142857,0.015625
1404,1.0,0.16666666666666663,0.2857142857142857,0.0
1405,1.0,0.16666666666666663,0.2857142857142857,0.015625
1406,1.0,0.16666666666666663,0.2857142857142857,0.0
1407,1.0,0.16666666666666663,0.2857142857142857,0.0
1408,1.0,0.16666666666666663,0.2857142857142857,0.0
1409,1.0,0.16666666666666663,0.2857142857142857,0.015625
1410,1.0,0.16666666666666663,0.2857142857142857,0.0
1411,1.0,0.16666666666666663,0.2857142857142857,0.0
1412,1.0,0.16666666666666663,0.2857142857142857,0.015625
1413,1.0,0.16666666666666663,0.2857142857142857,0.0
1414,1.0,0.16666666666666663,0.2857142857142857,0.0
1415,1.0,0.16666666666666663,0.2857142857142857,0.015625
1416,1.0,0.16666666666666663,0.2857142857142857,0.0
1417,1.0,0.16666666666666663,0.2857142857142857,0.0
1418,1.0,0.16666666666666663,0.2857142857142857,0.015625
1419,1.0,0.16666666666666663,0.2857142857142857,0.0
1420,1.0,0.16666666666666663,0.2857142857142857,0.0
1421,1.0,0.16666666666666663,0.2857142857142857,0.015625
1422,1.0,0.16666666666666663,0.2857142857142857,0.0
1423,1.0,0.16666666666666663,0.2857142857142857,0.0
1424,1.0,0.16666666666666663,0.2857142857142857,0.015625
1425,1.0,0.16666666666666663,0.2857142857142857,0.0
1426,1.0,0.16666666666666663,0.2857142857142857,0.0
1427,1.0,0.16666666666666663,0.2857142857142857,0.015625
1428,1.0,0.16666666666666663,0.2857142857142857,0.0
1429,1.0,0.16666666666666663,0.2857142857142857,0.0
1430,1.0,0.16666666666666663,0.2857142857142857,0.015625
1431,1.0,0.16666666666666663,0.2857142857142857,0.0
1432,1.0,0.16666666666666663,0.2857142857142857,0.0
1433,1.0,0.16666666666666663,0.2857142857142857,0.015625
1434,1.0,0.16666666666666663,0.2857142857142857,0.0
1435,1.0,0.16666666666666663,0.2857142857142857,0.0
1436,1.0,0.16666666666666663,0.2857142857142857,0.015625
1437,1.0,0.16666666666666663,0.2857142857142857,0.0
1438,1.0,0.16666666666666663,0.2857142857142857,0.0
1439,1.0,0.16666666666666663,0.2857142857142857,0.015625
1440,1.0,0.16666666666666663,0.2857142857142857,0.0
1441,1.0,0.16666666666666663,0.2857142857142857,0.0
1442,1.0,0.16666666666666663,0.2857142857142857,0.015625
1443,1.0,0.16666666666666663,0.2857142857142857,0.0
1444,0.8571428571428572,0.16666666666666663,0.27906976744186046,0.0
1445,1.0,0.16666666666666663,0.2857142857142857,0.015625
1446,1.0,0.16666666666666663,0.2857142857142857,0.0
1447,1.0,0.16666666666666663,0.2857142857142857,0.015625
1448,1.0,0.16666666666666663,0.2857142857142857,0.0
1449,1.0,0.16666666666666663,0.2857142857142857,0.0
1450,1.0,0.16666666666666663,0.2857142857142857,0.015625
1451,1.0,0.16666666666666663,0.2857142857142857,0.0
1452,1.0,0.16666666666666663,0.2857142857142857,0.0
1453,1.0,0.16666666666666663,0.2857142857142857,0.015625
1454,1.0,0.16666666666666663,0.2857142857142857,0.0
1455,1.0,0.16666666666666663,0.2857142857142857,0.0
1456,1.0,0.16666666666666663,0.2857142857142857,0.015625
1457,1.0,0.16666666666666663,0.2857142857142857,0.0
1458,1.0,0.16666666666666663,0.2857142857142857,0.0
1459,1.0,0.16666666666666663,0.2857142857142857,0.015625
1460,1.0,0.16666666666666663,0.2857142857142857,0.0
1461,1.0,0.16666666666666663,0.2857142857142857,0.015625
1462,1.0,0.16666666666666663,0.2857142857142857,0.0
1463,1.0,0.16666666666666663,0.2857142857142857,0.0
1464,1.0,0.16666666666666663,0.2857142857142857,0.015625
1465,1.0,0.16666666666666663,0.2857142857142857,0.0
1466,1.0,0.16666666666666663,0.2857142857142857,0.0
1467,1.0,0.16666666666666663,0.2857142857142857,0.015625
1468,1.0,0.16666666666666663,0.2857142857142857,0.0
1469,1.0,0.16666666666666663,0.2857142857142857,0.0
1470,1.0,0.16666666666666663,0.2857142857142857,0.015625
1471,1.0,0.16666666666666663,0.2857142857142857,0.0
1472,1.0,0.16666666666666663,0.2857142857142857,0.0
1473,1.0,0.16666666666666663,0.2857142857142857,0.0
1474,1.0,0.16666666666666663,0.2857142857142857,0.015625
1475,1.0,0.16666666666666663,0.2857142857142857,0.0
1476,1.0,0.16666666666666663,0.2857142857142857,0.015625
1477,1.0,0.16666666666666663,0.2857142857142857,0.0
1478,1.0,0.16666666666666663,0.2857142857142857,0.0
1479,1.0,0.16666666666666663,0.2857142857142857,0.015625
1480,1.0,0.16666666666666663,0.2857142857142857,0.0
1481,1.0,0.16666666666666663,0.2857142857142857,0.0
1482,1.0,0.16666666666666663,0.2857142857142857,0.015625
1483,1.0,0.16666666666666663,0.2857142857142857,0.0
1484,1.0,0.16666666666666663,0.2857142857142857,0.0
1485,1.0,0.16666666666666663,0.2857142857142857,0.015625
1486,1.0,0.16666666666666663,0.2857142857142857,0.0
1487,1.0,0.16666666666666663,0.2857142857142857,0.0
1488,1.0,0.16666666666666663,0.2857142857142857,0.015625
1489,1.0,0.16666666666666663,0.2857142857142857,0.0
1490,1.0,0.16666666666666663,0.2857142857142857,0.0
1491,1.0,0.16666666666666663,0.2857142857142857,0.015625
1492,1.0,0.16666666666666663,0.2857142857142857,0.0
1493,1.0,0.16666666666666663,0.2857142857142857,0.0
1494,1.0,0.16666666666666663,0.2857142857142857,0.015625
1495,1.0,0.16666666666666663,0.2857142857142857,0.0
1496,1.0,0.16666666666666663,0.2857142857142857,0.0
1497,1.0,0.16666666666666663,0.2857142857142857,0.015625
1498,1.0,0.16666666666666663,0.2857142857142857,0.0
1499,1.0,0.16666666666666663,0.2857142857142857,0.0
1500,1.0,0.16666666666666663,0.2857142857142857,0.015625
1501,1.0,0.16666666666666663,0.2857142857142857,0.0
1502,1.0,0.16666666666666663,0.2857142857142857,0.015625
1503,1.0,0.16666666666666663,0.2857142857142857,0.0
1504,1.0,0.16666666666666663,0.2857142857142857,0.0
1505,1.0,0.16666666666666663,0.2857142857142857,0.015625
1506,1.0,0.16666666666666663,0.2857142857142857,0.0
1507,1.0,0.16666666666666663,0.2857142857142857,0.0
1508,1.0,0.16666666666666663,0.2857142857142857,0.015625
1509,1.0,0.16666666666666663,0.2857142857142857,0.0
1510,1.0,0.16666666666666663,0.2857142857142857,0.0
1511,1.0,0.16666666666666663,0.2857142857142857,0.015625
1512,1.0,0.16666666666666663,0.2857142857142857,0.0
1513,1.0,0.16666666666666663,0.2857142857142857,0.0
1514,1.0,0.16666666666666663,0.2857142857142857,0.015625
1515,1.0,0.16666666666666663,0.2857142857142857,0.0
1516,1.0,0.16666666666666663,0.2857142857142857,0.0
1517,1.0,0.16666666666666663,0.2857142857142857,0.015625
1518,1.0,0.16666666666666663,0.2857142857142857,0.0
1519,1.0,0.16666666666666663,0.2857142857142857,0.0
1520,1.0,0.16666666666666663,0.2857142857142857,0.015625
1521,1.0,0.16666666666666663,0.2857142857142857,0.0
1522,1.0,0.16666666666666663,0.2857142857142857,0.0
1523,1.0,0.16666666666666663,0.2857142857142857,0.015625
1524,1.0,0.16666666666666663,0.2857142857142857,0.0
1525,1.0,0.16666666666666663,0.2857142857142857,0.0
1526,1.0,0.16666666666666663,0.2857142857142857,0.015625
1527,1.0,0.16666666666666663,0.2857142857142857,0.0
1528,1.0,0.16666666666666663,0.2857142857142857,0.0
1529,1.0,0.16666666666666663,0.2857142857142857,0.015625
1530,1.0,0.16666666666666663,0.2857142857142857,0.0
1531,1.0,0.16666666666666663,0.2857142857142857,0.0
1532,1.0,0.16666666666666663,0.2857142857142857,0.015625
1533,1.0,0.16666666666666663,0.2857142857142857,0.0
1534,1.0,0.16666666666666663,0.2857142857142857,0.0
1535,1.0,0.16666666666666663,0.2857142857142857,0.015625
1536,1.0,0.16666666666666663,0.2857142857142857,0.0
1537,1.0,0.16666666666666663,0.2857142857142857,0.015625
1538,1.0,0.16666666666666663,0.2857142857142857,0.0
1539,1.0,0.16666666666666663,0.2857142857142857,0.0
1540,1.0,0.16666666666666663,0.2857142857142857,0.046875
1541,1.0,0.16666666666666663,0.2857142857142857,0.0
1542,1.0,0.16666666666666663,0.2857142857142857,0.015625
1543,1.0,0.16666666666666663,0.2857142857142857,0.0
1544,1.0,0.16666666666666663,0.2857142857142857,0.0
1545,1.0,0.16666666666666663,0.2857142857142857,0.015625
1546,1.0,0.16666666666666663,0.2857142857142857,0.0
1547,1.0,0.16666666666666663,0.2857142857142857,0.0
1548,1.0,0.16666666666666663,0.2857142857142857,0.015625
1549,1.0,0.16666666666666663,0.2857142857142857,0.0
1550,1.0,0.16666666666666663,0.2857142857142857,0.0
1551,1.0,0.16666666666666663,0.2857142857142857,0.015625
1552,1.0,0.16666666666666663,0.2857142857142857,0.0
1553,1.0,0.16666666666666663,0.2857142857142857,0.0
1554,1.0,0.16666666666666663,0.2857142857142857,0.015625
1555,1.0,0.16666666666666663,0.2857142857142857,0.0
1556,1.0,0.16666666666666663,0.2857142857142857,0.0
1557,1.0,0.16666666666666663,0.2857142857142857,0.015625
1558,1.0,0.16666666666666663,0.2857142857142857,0.0
1559,1.0,0.16666666666666663,0.2857142857142857,0.015625
1560,1.0,0.16666666666666663,0.2857142857142857,0.0
1561,1.0,0.16666666666666663,0.2857142857142857,0.0
1562,1.0,0.16666666666666663,0.2857142857142857,0.015625
1563,1.0,0.16666666666666663,0.2857142857142857,0.0
1564,1.0,0.16666666666666663,0.2857142857142857,0.0
1565,1.0,0.16666666666666663,0.2857142857142857,0.015625
1566,1.0,0.16666666666666663,0.2857142857142857,0.0
1567,1.0,0.16666666666666663,0.2857142857142857,0.0
1568,1.0,0.16666666666666663,0.2857142857142857,0.015625
1569,1.0,0.16666666666666663,0.2857142857142857,0.0
1570,1.0,0.16666666666666663,0.2857142857142857,0.0
1571,1.0,0.16666666666666663,0.2857142857142857,0.015625
1572,1.0,0.16666666666666663,0.2857142857142857,0.0
1573,1.0,0.16666666666666663,0.2857142857142857,0.0
1574,1.0,0.16666666666666663,0.2857142857142857,0.015625
1575,1.0,0.16666666666666663,0.2857142857142857,0.0
1576,1.0,0.16666666666666663,0.2857142857142857,0.0
1577,1.0,0.16666666666666663,0.2857142857142857,0.015625
1578,1.0,0.16666666666666663,0.2857142857142857,0.0
1579,1.0,0.16666666666666663,0.2857142857142857,0.0
1580,1.0,0.16666666666666663,0.2857142857142857,0.015625
1581,1.0,0.16666666666666663,0.2857142857142857,0.0
1582,1.0,0.16666666666666663,0.2857142857142857,0.0
1583,1.0,0.16666666666666663,0.2857142857142857,0.015625
1584,1.0,0.16666666666666663,0.2857142857142857,0.0
1585,1.0,0.16666666666666663,0.2857142857142857,0.0
1586,1.0,0.16666666666666663,0.2857142857142857,0.015625
1587,1.0,0.16666666666666663,0.2857142857142857,0.0
1588,1.0,0.16666666666666663,0.2857142857142857,0.0
1589,1.0,0.16666666666666663,0.2857142857142857,0.015625
1590,1.0,0.16666666666666663,0.2857142857142857,0.0
1591,1.0,0.16666666666666663,0.2857142857142857,0.0
1592,1.0,0.16666666666666663,0.2857142857142857,0.015625
1593,1.0,0.16666666666666663,0.2857142857142857,0.0
1594,1.0,0.16666666666666663,0.2857142857142857,0.0
1595,1.0,0.16666666666666663,0.2857142857142857,0.015625
1596,1.0,0.16666666666666663,0.2857142857142857,0.0
1597,1.0,0.16666666666666663,0.2857142857142857,0.0
1598,1.0,0.16666666666666663,0.2857142857142857,0.015625
1599,1.0,0.16666666666666663,0.2857142857142857,0.0
1600,1.0,0.16666666666666663,0.2857142857142857,0.0
1601,1.0,0.16666666666666663,0.2857142857142857,0.015625
1602,1.0,0.16666666666666663,0.2857142857142857,0.0
1603,1.0,0.16666666666666663,0.2857142857142857,0.0
1604,1.0,0.16666666666666663,0.2857142857142857,0.015625
1605,1.0,0.16666666666666663,0.2857142857142857,0.0
1606,1.0,0.16666666666666663,0.2857142857142857,0.0
1607,1.0,0.16666666666666663,0.2857142857142857,0.015625
1608,1.0,0.16666666666666663,0.2857142857142857,0.0
1609,1.0,0.16666666666666663,0.2857142857142857,0.0
1610,1.0,0.16666666666666663,0.2857142857142857,0.015625
1611,1.0,0.16666666666666663,0.2857142857142857,0.0
1612,1.0,0.16666666666666663,0.2857142857142857,0.0
1613,1.0,0.16666666666666663,0.2857142857142857,0.015625
1614,1.0,0.16666666666666663,0.2857142857142857,0.0
1615,1.0,0.16666666666666663,0.2857142857142857,0.0
1616,1.0,0.16666666666666663,0.2857142857142857,0.046875
1617,1.0,0.16666666666666663,0.2857142857142857,0.0
1618,1.0,0.16666666666666663,0.2857142857142857,0.0
1619,1.0,0.16666666666666663,0.2857142857142857,0.015625
1620,1.0,0.16666666666666663,0.2857142857142857,0.0
1621,1.0,0.16666666666666663,0.2857142857142857,0.0
1622,1.0,0.16666666666666663,0.2857142857142857,0.015625
1623,1.0,0.16666666666666663,0.2857142857142857,0.0
1624,1.0,0.16666666666666663,0.2857142857142857,0.0
1625,1.0,0.16666666666666663,0.2857142857142857,0.015625
1626,1.0,0.16666666666666663,0.2857142857142857,0.0
1627,1.0,0.16666666666666663,0.2857142857142857,0.0
1628,1.0,0.16666666666666663,0.2857142857142857,0.015625
1629,1.0,0.16666666666666663,0.2857142857142857,0.0
1630,1.0,0.16666666666666663,0.2857142857142857,0.0
1631,1.0,0.16666666666666663,0.2857142857142857,0.015625
1632,1.0,0.16666666666666663,0.2857142857142857,0.0
1633,1.0,0.16666666666666663,0.2857142857142857,0.0
1634,1.0,0.16666666666666663,0.2857142857142857,0.015625
1635,1.0,0.16666666666666663,0.2857142857142857,0.0
1636,1.0,0.16666666666666663,0.2857142857142857,0.0
1637,1.0,0.16666666666666663,0.2857142857142857,0.015625
1638,1.0,0.16666666666666663,0.2857142857142857,0.0
1639,1.0,0.16666666666666663,0.2857142857142857,0.0
1640,1.0,0.16666666666666663,0.2857142857142857,0.015625
1641,1.0,0.16666666666666663,0.2857142857142857,0.0
1642,1.0,0.16666666666666663,0.2857142857142857,0.0
1643,1.0,0.16666666666666663,0.2857142857142857,0.015625
1644,1.0,0.16666666666666663,0.2857142857142857,0.0
1645,1.0,0.16666666666666663,0.2857142857142857,0.0
1646,1.0,0.16666666666666663,0.2857142857142857,0.015625
1647,1.0,0.16666666666666663,0.2857142857142857,0.0
1648,1.0,0.16666666666666663,0.2857142857142857,0.0
1649,1.0,0.16666666666666663,0.2857142857142857,0.015625
1650,1.0,0.16666666666666663,0.2857142857142857,0.0
1651,1.0,0.16666666666666663,0.2857142857142857,0.0
1652,1.0,0.16666666666666663,0.2857142857142857,0.015625
1653,1.0,0.16666666666666663,0.2857142857142857,0.0
1654,1.0,0.16666666666666663,0.2857142857142857,0.0
1655,1.0,0.16666666666666663,0.2857142857142857,0.015625
1656,1.0,0.16666666666666663,0.2857142857142857,0.0
1657,1.0,0.16666666666666663,0.2857142857142857,0.0
1658,1.0,0.16666666666666663,0.2857142857142857,0.015625
1659,1.0,0.16666666666666663,0.2857142857142857,0.0
1660,1.0,0.16666666666666663,0.2857142857142857,0.015625
1661,1.0,0.16666666666666663,0.2857142857142857,0.0
1662,1.0,0.16666666666666663,0.2857142857142857,0.0
1663,1.0,0.16666666666666663,0.2857142857142857,0.015625
1664,1.0,0.16666666666666663,0.2857142857142857,0.0
1665,1.0,0.16666666666666663,0.2857142857142857,0.0
1666,1.0,0.16666666666666663,0.2857142857142857,0.015625
1667,1.0,0.16666666666666663,0.2857142857142857,0.0
1668,1.0,0.16666666666666663,0.2857142857142857,0.015625
1669,1.0,0.16666666666666663,0.2857142857142857,0.0
1670,1.0,0.16666666666666663,0.2857142857142857,0.0
1671,1.0,0.16666666666666663,0.2857142857142857,0.015625
1672,1.0,0.16666666666666663,0.2857142857142857,0.0
1673,1.0,0.16666666666666663,0.2857142857142857,0.0
1674,1.0,0.16666666666666663,0.2857142857142857,0.015625
1675,1.0,0.16666666666666663,0.2857142857142857,0.0
1676,1.0,0.16666666666666663,0.2857142857142857,0.0
1677,1.0,0.16666666666666663,0.2857142857142857,0.015625
1678,1.0,0.16666666666666663,0.2857142857142857,0.0
1679,1.0,0.16666666666666663,0.2857142857142857,0.0
1680,1.0,0.16666666666666663,0.2857142857142857,0.015625
1681,1.0,0.16666666666666663,0.2857142857142857,0.0
1682,1.0,0.16666666666666663,0.2857142857142857,0.0
1683,1.0,0.16666666666666663,0.2857142857142857,0.015625
1684,1.0,0.16666666666666663,0.2857142857142857,0.0
1685,1.0,0.16666666666666663,0.2857142857142857,0.0
1686,1.0,0.16666666666666663,0.2857142857142857,0.015625
1687,1.0,0.16666666666666663,0.2857142857142857,0.0
1688,1.0,0.16666666666666663,0.2857142857142857,0.0
1689,1.0,0.16666666666666663,0.2857142857142857,0.015625
1690,1.0,0.16666666666666663,0.2857142857142857,0.0
1691,1.0,0.16666666666666663,0.2857142857142857,0.015625
1692,1.0,0.16666666666666663,0.2857142857142857,0.0
1693,1.0,0.16666666666666663,0.2857142857142857,0.0
1694,1.0,0.16666666666666663,0.2857142857142857,0.015625
1695,1.0,0.16666666666666663,0.2857142857142857,0.0
1696,1.0,0.16666666666666663,0.2857142857142857,0.0
1697,1.0,0.16666666666666663,0.2857142857142857,0.015625
1698,1.0,0.16666666666666663,0.2857142857142857,0.0
1699,1.0,0.16666666666666663,0.2857142857142857,0.0
1700,1.0,0.16666666666666663,0.2857142857142857,0.015625
1701,1.0,0.16666666666666663,0.2857142857142857,0.0
1702,1.0,0.16666666666666663,0.2857142857142857,0.015625
1703,1.0,0.16666666666666663,0.2857142857142857,0.0
1704,1.0,0.16666666666666663,0.2857142857142857,0.0
1705,1.0,0.16666666666666663,0.2857142857142857,0.015625
1706,1.0,0.16666666666666663,0.2857142857142857,0.0
1707,1.0,0.16666666666666663,0.2857142857142857,0.0
1708,1.0,0.16666666666666663,0.2857142857142857,0.015625
1709,1.0,0.16666666666666663,0.2857142857142857,0.0
1710,1.0,0.16666666666666663,0.2857142857142857,0.015625
1711,1.0,0.16666666666666663,0.2857142857142857,0.0
1712,1.0,0.16666666666666663,0.2857142857142857,0.0
1713,1.0,0.16666666666666663,0.2857142857142857,0.0
1714,1.0,0.16666666666666663,0.2857142857142857,0.015625
1715,1.0,0.16666666666666663,0.2857142857142857,0.0
1716,1.0,0.16666666666666663,0.2857142857142857,0.0
1717,1.0,0.16666666666666663,0.2857142857142857,0.015625
1718,1.0,0.16666666666666663,0.2857142857142857,0.0
1719,1.0,0.16666666666666663,0.2857142857142857,0.0
1720,1.0,0.16666666666666663,0.2857142857142857,0.015625
1721,1.0,0.16666666666666663,0.2857142857142857,0.0
1722,1.0,0.16666666666666663,0.2857142857142857,0.0
1723,1.0,0.16666666666666663,0.2857142857142857,0.015625
1724,1.0,0.16666666666666663,0.2857142857142857,0.0
1725,1.0,0.16666666666666663,0.2857142857142857,0.0
1726,1.0,0.16666666666666663,0.2857142857142857,0.015625
1727,0.8333333333333334,0.11111111111111116,0.1960784313725491,0.0
1728,1.0,0.16666666666666663,0.2857142857142857,0.0
1729,1.0,0.16666666666666663,0.2857142857142857,0.015625
1730,1.0,0.16666666666666663,0.2857142857142857,0.0
1731,1.0,0.16666666666666663,0.2857142857142857,0.0
1732,1.0,0.16666666666666663,0.2857142857142857,0.015625
1733,1.0,0.16666666666666663,0.2857142857142857,0.0
1734,0.6,0.0,0.0,0.0
1735,1.0,0.16666666666666663,0.2857142857142857,0.0
1736,1.0,0.16666666666666663,0.2857142857142857,0.015625
1737,1.0,0.16666666666666663,0.2857142857142857,0.0
1738,1.0,0.16666666666666663,0.2857142857142857,0.015625
1739,1.0,0.16666666666666663,0.2857142857142857,0.0
1740,1.0,0.16666666666666663,0.2857142857142857,0.0
1741,1.0,0.16666666666666663,0.2857142857142857,0.015625
1742,1.0,0.16666666666666663,0.2857142857142857,0.0
1743,1.0,0.16666666666666663,0.2857142857142857,0.0
1744,1.0,0.16666666666666663,0.2857142857142857,0.015625
1745,1.0,0.16666666666666663,0.2857142857142857,0.0
1746,1.0,0.16666666666666663,0.2857142857142857,0.0
1747,1.0,0.16666666666666663,0.2857142857142857,0.015625
1748,1.0,0.16666666666666663,0.2857142857142857,0.0
1749,1.0,0.16666666666666663,0.2857142857142857,0.0
1750,1.0,0.16666666666666663,0.2857142857142857,0.015625
1751,1.0,0.16666666666666663,0.2857142857142857,0.0
1752,1.0,0.16666666666666663,0.2857142857142857,0.0
1753,1.0,0.16666666666666663,0.2857142857142857,0.015625
1754,1.0,0.16666666666666663,0.2857142857142857,0.0
1755,1.0,0.16666666666666663,0.2857142857142857,0.0
1756,1.0,0.16666666666666663,0.2857142857142857,0.015625
1757,1.0,0.16666666666666663,0.2857142857142857,0.0
1758,1.0,0.16666666666666663,0.2857142857142857,0.0
1759,1.0,0.16666666666666663,0.2857142857142857,0.015625
1760,1.0,0.16666666666666663,0.2857142857142857,0.0
1761,1.0,0.16666666666666663,0.2857142857142857,0.0
1762,1.0,0.16666666666666663,0.2857142857142857,0.015625
1763,1.0,0.16666666666666663,0.2857142857142857,0.0
1764,1.0,0.16666666666666663,0.2857142857142857,0.0
1765,1.0,0.16666666666666663,0.2857142857142857,0.015625
1766,1.0,0.16666666666666663,0.2857142857142857,0.0
1767,1.0,0.16666666666666663,0.2857142857142857,0.015625
1768,1.0,0.16666666666666663,0.2857142857142857,0.0
1769,1.0,0.16666666666666663,0.2857142857142857,0.0
1770,1.0,0.16666666666666663,0.2857142857142857,0.015625
1771,1.0,0.16666666666666663,0.2857142857142857,0.0
1772,1.0,0.16666666666666663,0.2857142857142857,0.0
1773,1.0,0.16666666666666663,0.2857142857142857,0.015625
1774,1.0,0.16666666666666663,0.2857142857142857,0.0
1775,1.0,0.16666666666666663,0.2857142857142857,0.0
1776,1.0,0.16666666666666663,0.2857142857142857,0.015625
1777,1.0,0.16666666666666663,0.2857142857142857,0.0
1778,1.0,0.16666666666666663,0.2857142857142857,0.0
1779,1.0,0.16666666666666663,0.2857142857142857,0.015625
1780,1.0,0.16666666666666663,0.2857142857142857,0.0
1781,1.0,0.16666666666666663,0.2857142857142857,0.0
1782,1.0,0.16666666666666663,0.2857142857142857,0.015625
1783,0.8333333333333334,0.11111111111111116,0.1960784313725491,0.0
1784,1.0,0.16666666666666663,0.2857142857142857,0.0
1785,1.0,0.16666666666666663,0.2857142857142857,0.015625
1786,1.0,0.16666666666666663,0.2857142857142857,0.0
1787,1.0,0.16666666666666663,0.2857142857142857,0.0
1788,1.0,0.16666666666666663,0.2857142857142857,0.0
1789,1.0,0.16666666666666663,0.2857142857142857,0.015625
1790,1.0,0.16666666666666663,0.2857142857142857,0.0
1791,1.0,0.16666666666666663,0.2857142857142857,0.015625
1792,1.0,0.16666666666666663,0.2857142857142857,0.0
1793,1.0,0.16666666666666663,0.2857142857142857,0.0
1794,1.0,0.16666666666666663,0.2857142857142857,0.015625
1795,1.0,0.16666666666666663,0.2857142857142857,0.0
1796,1.0,0.16666666666666663,0.2857142857142857,0.0
1797,1.0,0.16666666666666663,0.2857142857142857,0.015625
1798,1.0,0.16666666666666663,0.2857142857142857,0.0
1799,1.0,0.16666666666666663,0.2857142857142857,0.0
1800,1.0,0.16666666666666663,0.2857142857142857,0.015625
1801,1.0,0.16666666666666663,0.2857142857142857,0.0
1802,1.0,0.16666666666666663,0.2857142857142857,0.0
1803,1.0,0.16666666666666663,0.2857142857142857,0.015625
1804,1.0,0.16666666666666663,0.2857142857142857,0.0
1805,1.0,0.16666666666666663,0.2857142857142857,0.015625
1806,1.0,0.16666666666666663,0.2857142857142857,0.0
1807,1.0,0.16666666666666663,0.2857142857142857,0.0
1808,1.0,0.16666666666666663,0.2857142857142857,0.015625
1809,1.0,0.16666666666666663,0.2857142857142857,0.0
1810,1.0,0.16666666666666663,0.2857142857142857,0.0
1811,1.0,0.16666666666666663,0.2857142857142857,0.015625
1812,1.0,0.16666666666666663,0.2857142857142857,0.0
1813,1.0,0.16666666666666663,0.2857142857142857,0.0
1814,1.0,0.16666666666666663,0.2857142857142857,0.015625
1815,1.0,0.16666666666666663,0.2857142857142857,0.0
1816,1.0,0.16666666666666663,0.2857142857142857,0.015625
1817,1.0,0.16666666666666663,0.2857142857142857,0.0
1818,1.0,0.16666666666666663,0.2857142857142857,0.0
1819,1.0,0.16666666666666663,0.2857142857142857,0.015625
1820,1.0,0.16666666666666663,0.2857142857142857,0.0
1821,1.0,0.16666666666666663,0.2857142857142857,0.0
1822,1.0,0.16666666666666663,0.2857142857142857,0.015625
1823,1.0,0.16666666666666663,0.2857142857142857,0.0
1824,1.0,0.16666666666666663,0.2857142857142857,0.0
1825,1.0,0.16666666666666663,0.2857142857142857,0.015625
1826,1.0,0.16666666666666663,0.2857142857142857,0.0
1827,1.0,0.16666666666666663,0.2857142857142857,0.0
1828,1.0,0.16666666666666663,0.2857142857142857,0.015625
1829,1.0,0.16666666666666663,0.2857142857142857,0.0
1830,1.0,0.16666666666666663,0.2857142857142857,0.0
1831,1.0,0.16666666666666663,0.2857142857142857,0.015625
1832,1.0,0.16666666666666663,0.2857142857142857,0.0
1833,1.0,0.16666666666666663,0.2857142857142857,0.0
1834,1.0,0.16666666666666663,0.2857142857142857,0.015625
1835,1.0,0.16666666666666663,0.2857142857142857,0.0
1836,1.0,0.16666666666666663,0.2857142857142857,0.0
1837,1.0,0.16666666666666663,0.2857142857142857,0.015625
1838,1.0,0.16666666666666663,0.2857142857142857,0.0
1839,1.0,0.16666666666666663,0.2857142857142857,0.015625
1840,1.0,0.16666666666666663,0.2857142857142857,0.0
1841,1.0,0.16666666666666663,0.2857142857142857,0.0
1842,1.0,0.16666666666666663,0.2857142857142857,0.015625
1843,1.0,0.16666666666666663,0.2857142857142857,0.0
1844,1.0,0.16666666666666663,0.2857142857142857,0.0
1845,1.0,0.16666666666666663,0.2857142857142857,0.015625
1846,1.0,0.16666666666666663,0.2857142857142857,0.0
1847,1.0,0.16666666666666663,0.2857142857142857,0.0
1848,1.0,0.16666666666666663,0.2857142857142857,0.015625
1849,1.0,0.16666666666666663,0.2857142857142857,0.0
1850,1.0,0.16666666666666663,0.2857142857142857,0.0
1851,1.0,0.16666666666666663,0.2857142857142857,0.015625
1852,1.0,0.16666666666666663,0.2857142857142857,0.0
1853,1.0,0.16666666666666663,0.2857142857142857,0.0
1854,1.0,0.16666666666666663,0.2857142857142857,0.015625
1855,1.0,0.16666666666666663,0.2857142857142857,0.0
1856,1.0,0.16666666666666663,0.2857142857142857,0.0
1857,1.0,0.16666666666666663,0.2857142857142857,0.0
1858,1.0,0.16666666666666663,0.2857142857142857,0.015625
1859,1.0,0.16666666666666663,0.2857142857142857,0.0
1860,1.0,0.16666666666666663,0.2857142857142857,0.015625
1861,1.0,0.16666666666666663,0.2857142857142857,0.0
1862,1.0,0.16666666666666663,0.2857142857142857,0.0
1863,1.0,0.16666666666666663,0.2857142857142857,0.015625
1864,1.0,0.16666666666666663,0.2857142857142857,0.0
1865,1.0,0.16666666666666663,0.2857142857142857,0.0
1866,1.0,0.16666666666666663,0.2857142857142857,0.015625
1867,1.0,0.16666666666666663,0.2857142857142857,0.0
1868,1.0,0.16666666666666663,0.2857142857142857,0.0
1869,1.0,0.16666666666666663,0.2857142857142857,0.015625
1870,1.0,0.16666666666666663,0.2857142857142857,0.0
1871,1.0,0.16666666666666663,0.2857142857142857,0.0
1872,1.0,0.16666666666666663,0.2857142857142857,0.015625
1873,1.0,0.16666666666666663,0.2857142857142857,0.0
1874,1.0,0.16666666666666663,0.2857142857142857,0.0
1875,1.0,0.16666666666666663,0.2857142857142857,0.0
1876,1.0,0.16666666666666663,0.2857142857142857,0.015625
1877,1.0,0.16666666666666663,0.2857142857142857,0.0
1878,1.0,0.16666666666666663,0.2857142857142857,0.015625
1879,1.0,0.16666666666666663,0.2857142857142857,0.0
1880,1.0,0.16666666666666663,0.2857142857142857,0.0
1881,1.0,0.16666666666666663,0.2857142857142857,0.0
1882,1.0,0.16666666666666663,0.2857142857142857,0.015625
1883,1.0,0.16666666666666663,0.2857142857142857,0.0
1884,1.0,0.16666666666666663,0.2857142857142857,0.046875
1885,1.0,0.16666666666666663,0.2857142857142857,0.0
1886,1.0,0.16666666666666663,0.2857142857142857,0.0
1887,1.0,0.16666666666666663,0.2857142857142857,0.015625
1888,1.0,0.16666666666666663,0.2857142857142857,0.0
1889,1.0,0.16666666666666663,0.2857142857142857,0.0
1890,1.0,0.16666666666666663,0.2857142857142857,0.015625
1891,1.0,0.16666666666666663,0.2857142857142857,0.0
1892,1.0,0.16666666666666663,0.2857142857142857,0.0
1893,1.0,0.16666666666666663,0.2857142857142857,0.015625
1894,1.0,0.16666666666666663,0.2857142857142857,0.0
1895,1.0,0.16666666666666663,0.2857142857142857,0.0
1896,1.0,0.16666666666666663,0.2857142857142857,0.015625
1897,1.0,0.16666666666666663,0.2857142857142857,0.0
1898,1.0,0.16666666666666663,0.2857142857142857,0.0
1899,1.0,0.16666666666666663,0.2857142857142857,0.015625
1900,1.0,0.16666666666666663,0.2857142857142857,0.0
1901,1.0,0.16666666666666663,0.2857142857142857,0.0
1902,1.0,0.16666666666666663,0.2857142857142857,0.015625
1903,1.0,0.16666666666666663,0.2857142857142857,0.0
1904,1.0,0.16666666666666663,0.2857142857142857,0.0
1905,1.0,0.16666666666666663,0.2857142857142857,0.015625
1906,1.0,0.16666666666666663,0.2857142857142857,0.0
1907,1.0,0.16666666666666663,0.2857142857142857,0.015625
1908,1.0,0.16666666666666663,0.2857142857142857,0.0
1909,1.0,0.16666666666666663,0.2857142857142857,0.015625
1910,1.0,0.16666666666666663,0.2857142857142857,0.0
1911,1.0,0.16666666666666663,0.2857142857142857,0.0
1912,1.0,0.16666666666666663,0.2857142857142857,0.015625
1913,1.0,0.16666666666666663,0.2857142857142857,0.0
1914,1.0,0.16666666666666663,0.2857142857142857,0.0
1915,1.0,0.16666666666666663,0.2857142857142857,0.015625
1916,1.0,0.16666666666666663,0.2857142857142857,0.0
1917,1.0,0.16666666666666663,0.2857142857142857,0.0
1918,1.0,0.16666666666666663,0.2857142857142857,0.015625
1919,1.0,0.16666666666666663,0.2857142857142857,0.0
1920,1.0,0.16666666666666663,0.2857142857142857,0.0
1921,1.0,0.16666666666666663,0.2857142857142857,0.015625
1922,1.0,0.16666666666666663,0.2857142857142857,0.0
1923,1.0,0.16666666666666663,0.2857142857142857,0.0
1924,1.0,0.16666666666666663,0.2857142857142857,0.0
1925,1.0,0.16666666666666663,0.2857142857142857,0.015625
1926,1.0,0.16666666666666663,0.2857142857142857,0.0
1927,1.0,0.16666666666666663,0.2857142857142857,0.0
1928,1.0,0.16666666666666663,0.2857142857142857,0.015625
1929,1.0,0.16666666666666663,0.2857142857142857,0.0
1930,1.0,0.16666666666666663,0.2857142857142857,0.015625
1931,1.0,0.16666666666666663,0.2857142857142857,0.0
1932,1.0,0.16666666666666663,0.2857142857142857,0.0
1933,1.0,0.16666666666666663,0.2857142857142857,0.015625
1934,1.0,0.16666666666666663,0.2857142857142857,0.0
1935,1.0,0.16666666666666663,0.2857142857142857,0.0
1936,1.0,0.16666666666666663,0.2857142857142857,0.015625
1937,1.0,0.16666666666666663,0.2857142857142857,0.0
1938,1.0,0.16666666666666663,0.2857142857142857,0.0
1939,1.0,0.16666666666666663,0.2857142857142857,0.015625
1940,1.0,0.16666666666666663,0.2857142857142857,0.0
1941,1.0,0.16666666666666663,0.2857142857142857,0.0
1942,1.0,0.16666666666666663,0.2857142857142857,0.015625
1943,1.0,0.16666666666666663,0.2857142857142857,0.0
1944,1.0,0.16666666666666663,0.2857142857142857,0.0
1945,1.0,0.16666666666666663,0.2857142857142857,0.015625
1946,1.0,0.16666666666666663,0.2857142857142857,0.0
1947,1.0,0.16666666666666663,0.2857142857142857,0.0
1948,1.0,0.16666666666666663,0.2857142857142857,0.015625
1949,1.0,0.16666666666666663,0.2857142857142857,0.0
1950,1.0,0.16666666666666663,0.2857142857142857,0.0
1951,1.0,0.16666666666666663,0.2857142857142857,0.015625
1952,1.0,0.16666666666666663,0.2857142857142857,0.0
1953,1.0,0.16666666666666663,0.2857142857142857,0.0
1954,1.0,0.16666666666666663,0.2857142857142857,0.015625
1955,1.0,0.16666666666666663,0.2857142857142857,0.0
1956,1.0,0.16666666666666663,0.2857142857142857,0.0
1957,1.0,0.16666666666666663,0.2857142857142857,0.015625
1958,1.0,0.16666666666666663,0.2857142857142857,0.0
1959,1.0,0.16666666666666663,0.2857142857142857,0.0
1960,1.0,0.16666666666666663,0.2857142857142857,0.015625
1961,1.0,0.16666666666666663,0.2857142857142857,0.0
1962,1.0,0.16666666666666663,0.2857142857142857,0.0
1963,1.0,0.16666666666666663,0.2857142857142857,0.015625
1964,1.0,0.16666666666666663,0.2857142857142857,0.0
1965,1.0,0.16666666666666663,0.2857142857142857,0.0
1966,1.0,0.16666666666666663,0.2857142857142857,0.015625
1967,1.0,0.16666666666666663,0.2857142857142857,0.0
1968,1.0,0.16666666666666663,0.2857142857142857,0.0
1969,1.0,0.16666666666666663,0.2857142857142857,0.015625
1970,1.0,0.16666666666666663,0.2857142857142857,0.0
1971,1.0,0.16666666666666663,0.2857142857142857,0.0
1972,1.0,0.16666666666666663,0.2857142857142857,0.015625
1973,1.0,0.16666666666666663,0.2857142857142857,0.0
1974,1.0,0.16666666666666663,0.2857142857142857,0.0
1975,1.0,0.16666666666666663,0.2857142857142857,0.0
1976,1.0,0.16666666666666663,0.2857142857142857,0.015625
1977,1.0,0.16666666666666663,0.2857142857142857,0.0
1978,1.0,0.16666666666666663,0.2857142857142857,0.015625
1979,1.0,0.16666666666666663,0.2857142857142857,0.0
1980,1.0,0.16666666666666663,0.2857142857142857,0.0
1981,1.0,0.16666666666666663,0.2857142857142857,0.015625
1982,1.0,0.16666666666666663,0.2857142857142857,0.0
1983,1.0,0.16666666666666663,0.2857142857142857,0.0
1984,1.0,0.16666666666666663,0.2857142857142857,0.015625
1985,1.0,0.16666666666666663,0.2857142857142857,0.0
1986,1.0,0.16666666666666663,0.2857142857142857,0.0
1987,1.0,0.16666666666666663,0.2857142857142857,0.015625
1988,1.0,0.16666666666666663,0.2857142857142857,0.0
1989,1.0,0.16666666666666663,0.2857142857142857,0.0
1990,1.0,0.16666666666666663,0.2857142857142857,0.015625
1991,1.0,0.16666666666666663,0.2857142857142857,0.0
1992,1.0,0.16666666666666663,0.2857142857142857,0.015625
1993,1.0,0.16666666666666663,0.2857142857142857,0.0
1994,1.0,0.16666666666666663,0.2857142857142857,0.0
1995,1.0,0.16666666666666663,0.2857142857142857,0.015625
1996,1.0,0.16666666666666663,0.2857142857142857,0.0
1997,1.0,0.16666666666666663,0.2857142857142857,0.0
1998,1.0,0.16666666666666663,0.2857142857142857,0.015625
1999,1.0,0.16666666666666663,0.2857142857142857,0.0
2000,1.0,0.16666666666666663,0.2857142857142857,0.0
2001,1.0,0.16666666666666663,0.2857142857142857,0.015625
2002,1.0,0.16666666666666663,0.2857142857142857,0.0
2003,1.0,0.16666666666666663,0.2857142857142857,0.0
2004,1.0,0.16666666666666663,0.2857142857142857,0.015625
2005,1.0,0.16666666666666663,0.2857142857142857,0.0
2006,1.0,0.16666666666666663,0.2857142857142857,0.0
2007,1.0,0.16666666666666663,0.2857142857142857,0.015625
2008,1.0,0.16666666666666663,0.2857142857142857,0.0
2009,1.0,0.16666666666666663,0.2857142857142857,0.0
2010,1.0,0.16666666666666663,0.2857142857142857,0.015625
2011,1.0,0.16666666666666663,0.2857142857142857,0.0
2012,1.0,0.16666666666666663,0.2857142857142857,0.0
2013,1.0,0.16666666666666663,0.2857142857142857,0.015625
2014,1.0,0.16666666666666663,0.2857142857142857,0.0
2015,1.0,0.16666666666666663,0.2857142857142857,0.0
2016,1.0,0.16666666666666663,0.2857142857142857,0.015625
2017,1.0,0.16666666666666663,0.2857142857142857,0.0
2018,1.0,0.16666666666666663,0.2857142857142857,0.0
2019,1.0,0.16666666666666663,0.2857142857142857,0.015625
2020,1.0,0.16666666666666663,0.2857142857142857,0.0
2021,1.0,0.16666666666666663,0.2857142857142857,0.0
2022,1.0,0.16666666666666663,0.2857142857142857,0.078125
2023,1.0,0.16666666666666663,0.2857142857142857,0.0
2024,1.0,0.16666666666666663,0.2857142857142857,0.0
2025,1.0,0.16666666666666663,0.2857142857142857,0.015625
2026,1.0,0.16666666666666663,0.2857142857142857,0.0
2027,1.0,0.16666666666666663,0.2857142857142857,0.0
2028,1.0,0.16666666666666663,0.2857142857142857,0.015625
2029,1.0,0.16666666666666663,0.2857142857142857,0.0
2030,1.0,0.16666666666666663,0.2857142857142857,0.0
2031,1.0,0.16666666666666663,0.2857142857142857,0.015625
2032,1.0,0.16666666666666663,0.2857142857142857,0.0
2033,1.0,0.16666666666666663,0.2857142857142857,0.0
2034,1.0,0.16666666666666663,0.2857142857142857,0.015625
2035,1.0,0.16666666666666663,0.2857142857142857,0.0
2036,1.0,0.16666666666666663,0.2857142857142857,0.0
2037,1.0,0.16666666666666663,0.2857142857142857,0.015625
2038,1.0,0.16666666666666663,0.2857142857142857,0.0
2039,1.0,0.16666666666666663,0.2857142857142857,0.0
2040,1.0,0.16666666666666663,0.2857142857142857,0.015625
2041,1.0,0.16666666666666663,0.2857142857142857,0.0
2042,1.0,0.16666666666666663,0.2857142857142857,0.0
2043,1.0,0.16666666666666663,0.2857142857142857,0.015625
2044,1.0,0.16666666666666663,0.2857142857142857,0.0
2045,1.0,0.16666666666666663,0.2857142857142857,0.0
2046,1.0,0.16666666666666663,0.2857142857142857,0.015625
2047,1.0,0.16666666666666663,0.2857142857142857,0.0
2048,1.0,0.16666666666666663,0.2857142857142857,0.0
2049,1.0,0.16666666666666663,0.2857142857142857,0.015625
2050,1.0,0.16666666666666663,0.2857142857142857,0.0
2051,1.0,0.16666666666666663,0.2857142857142857,0.0
2052,1.0,0.16666666666666663,0.2857142857142857,0.015625
2053,1.0,0.16666666666666663,0.2857142857142857,0.0
2054,1.0,0.16666666666666663,0.2857142857142857,0.0
2055,1.0,0.16666666666666663,0.2857142857142857,0.0
2056,1.0,0.16666666666666663,0.2857142857142857,0.015625
2057,1.0,0.16666666666666663,0.2857142857142857,0.0
2058,1.0,0.16666666666666663,0.2857142857142857,0.0
2059,1.0,0.16666666666666663,0.2857142857142857,0.015625
2060,1.0,0.16666666666666663,0.2857142857142857,0.0
2061,1.0,0.16666666666666663,0.2857142857142857,0.0
2062,1.0,0.16666666666666663,0.2857142857142857,0.015625
2063,1.0,0.16666666666666663,0.2857142857142857,0.0
2064,1.0,0.16666666666666663,0.2857142857142857,0.0
2065,1.0,0.16666666666666663,0.2857142857142857,0.015625
2066,1.0,0.16666666666666663,0.2857142857142857,0.0
2067,1.0,0.16666666666666663,0.2857142857142857,0.0
2068,1.0,0.16666666666666663,0.2857142857142857,0.015625
2069,1.0,0.16666666666666663,0.2857142857142857,0.0
2070,1.0,0.16666666666666663,0.2857142857142857,0.0
2071,1.0,0.16666666666666663,0.2857142857142857,0.015625
2072,1.0,0.16666666666666663,0.2857142857142857,0.0
2073,1.0,0.16666666666666663,0.2857142857142857,0.0
2074,1.0,0.16666666666666663,0.2857142857142857,0.015625
2075,1.0,0.16666666666666663,0.2857142857142857,0.0
2076,1.0,0.16666666666666663,0.2857142857142857,0.0
2077,1.0,0.16666666666666663,0.2857142857142857,0.015625
2078,1.0,0.16666666666666663,0.2857142857142857,0.0
2079,1.0,0.16666666666666663,0.2857142857142857,0.0
2080,1.0,0.16666666666666663,0.2857142857142857,0.046875
2081,1.0,0.16666666666666663,0.2857142857142857,0.0
2082,1.0,0.16666666666666663,0.2857142857142857,0.015625
2083,1.0,0.16666666666666663,0.2857142857142857,0.0
2084,1.0,0.16666666666666663,0.2857142857142857,0.0
2085,1.0,0.16666666666666663,0.2857142857142857,0.015625
2086,1.0,0.16666666666666663,0.2857142857142857,0.0
2087,1.0,0.16666666666666663,0.2857142857142857,0.0
2088,1.0,0.16666666666666663,0.2857142857142857,0.015625
2089,1.0,0.16666666666666663,0.2857142857142857,0.0
2090,1.0,0.16666666666666663,0.2857142857142857,0.0
2091,1.0,0.16666666666666663,0.2857142857142857,0.015625
2092,1.0,0.16666666666666663,0.2857142857142857,0.0
2093,1.0,0.16666666666666663,0.2857142857142857,0.0
2094,1.0,0.16666666666666663,0.2857142857142857,0.015625
2095,1.0,0.16666666666666663,0.2857142857142857,0.0
2096,1.0,0.16666666666666663,0.2857142857142857,0.0
2097,1.0,0.16666666666666663,0.2857142857142857,0.015625
2098,1.0,0.16666666666666663,0.2857142857142857,0.0
2099,1.0,0.16666666666666663,0.2857142857142857,0.0
2100,1.0,0.16666666666666663,0.2857142857142857,0.015625
2101,1.0,0.16666666666666663,0.2857142857142857,0.0
2102,1.0,0.16666666666666663,0.2857142857142857,0.0
2103,1.0,0.16666666666666663,0.2857142857142857,0.015625
2104,1.0,0.16666666666666663,0.2857142857142857,0.0
2105,1.0,0.16666666666666663,0.2857142857142857,0.0
2106,1.0,0.16666666666666663,0.2857142857142857,0.015625
2107,1.0,0.16666666666666663,0.2857142857142857,0.0
2108,1.0,0.16666666666666663,0.2857142857142857,0.0
2109,1.0,0.16666666666666663,0.2857142857142857,0.015625
2110,1.0,0.16666666666666663,0.2857142857142857,0.0
2111,1.0,0.16666666666666663,0.2857142857142857,0.015625
2112,1.0,0.16666666666666663,0.2857142857142857,0.0
2113,1.0,0.16666666666666663,0.2857142857142857,0.0
2114,1.0,0.16666666666666663,0.2857142857142857,0.0
2115,1.0,0.16666666666666663,0.2857142857142857,0.015625
2116,1.0,0.16666666666666663,0.2857142857142857,0.0
2117,1.0,0.16666666666666663,0.2857142857142857,0.015625
2118,1.0,0.16666666666666663,0.2857142857142857,0.0
2119,1.0,0.16666666666666663,0.2857142857142857,0.0
2120,1.0,0.16666666666666663,0.2857142857142857,0.015625
2121,1.0,0.16666666666666663,0.2857142857142857,0.0
2122,1.0,0.16666666666666663,0.2857142857142857,0.0
2123,1.0,0.16666666666666663,0.2857142857142857,0.015625
2124,1.0,0.16666666666666663,0.2857142857142857,0.0
2125,1.0,0.16666666666666663,0.2857142857142857,0.0
2126,1.0,0.16666666666666663,0.2857142857142857,0.015625
2127,1.0,0.16666666666666663,0.2857142857142857,0.0
2128,1.0,0.16666666666666663,0.2857142857142857,0.0
2129,1.0,0.16666666666666663,0.2857142857142857,0.015625
2130,1.0,0.16666666666666663,0.2857142857142857,0.0
2131,1.0,0.16666666666666663,0.2857142857142857,0.0
2132,1.0,0.16666666666666663,0.2857142857142857,0.015625
2133,1.0,0.16666666666666663,0.2857142857142857,0.0
2134,1.0,0.16666666666666663,0.2857142857142857,0.0
2135,1.0,0.16666666666666663,0.2857142857142857,0.015625
2136,1.0,0.16666666666666663,0.2857142857142857,0.0
2137,1.0,0.16666666666666663,0.2857142857142857,0.0
2138,1.0,0.16666666666666663,0.2857142857142857,0.015625
2139,1.0,0.16666666666666663,0.2857142857142857,0.0
2140,1.0,0.16666666666666663,0.2857142857142857,0.0
2141,1.0,0.16666666666666663,0.2857142857142857,0.015625
2142,1.0,0.16666666666666663,0.2857142857142857,0.0
2143,1.0,0.16666666666666663,0.2857142857142857,0.015625
2144,1.0,0.16666666666666663,0.2857142857142857,0.0
2145,1.0,0.16666666666666663,0.2857142857142857,0.0
2146,1.0,0.16666666666666663,0.2857142857142857,0.015625
2147,1.0,0.16666666666666663,0.2857142857142857,0.0
2148,1.0,0.16666666666666663,0.2857142857142857,0.0
2149,1.0,0.16666666666666663,0.2857142857142857,0.015625
2150,1.0,0.16666666666666663,0.2857142857142857,0.0
2151,1.0,0.16666666666666663,0.2857142857142857,0.0
2152,1.0,0.16666666666666663,0.2857142857142857,0.015625
2153,1.0,0.16666666666666663,0.2857142857142857,0.0
2154,1.0,0.16666666666666663,0.2857142857142857,0.015625
2155,1.0,0.16666666666666663,0.2857142857142857,0.0
2156,1.0,0.16666666666666663,0.2857142857142857,0.0
2157,1.0,0.16666666666666663,0.2857142857142857,0.015625
2158,1.0,0.16666666666666663,0.2857142857142857,0.0
2159,1.0,0.16666666666666663,0.2857142857142857,0.0
2160,1.0,0.16666666666666663,0.2857142857142857,0.015625
2161,1.0,0.16666666666666663,0.2857142857142857,0.0
2162,1.0,0.16666666666666663,0.2857142857142857,0.0
2163,1.0,0.16666666666666663,0.2857142857142857,0.015625
2164,1.0,0.16666666666666663,0.2857142857142857,0.0
2165,1.0,0.16666666666666663,0.2857142857142857,0.0
2166,1.0,0.16666666666666663,0.2857142857142857,0.015625
2167,1.0,0.16666666666666663,0.2857142857142857,0.0
2168,1.0,0.16666666666666663,0.2857142857142857,0.0
2169,1.0,0.16666666666666663,0.2857142857142857,0.015625
2170,1.0,0.16666666666666663,0.2857142857142857,0.0
2171,1.0,0.16666666666666663,0.2857142857142857,0.0
2172,1.0,0.16666666666666663,0.2857142857142857,0.015625
2173,1.0,0.16666666666666663,0.2857142857142857,0.0
2174,1.0,0.16666666666666663,0.2857142857142857,0.015625
2175,1.0,0.16666666666666663,0.2857142857142857,0.0
2176,1.0,0.16666666666666663,0.2857142857142857,0.0
2177,1.0,0.16666666666666663,0.2857142857142857,0.015625
2178,1.0,0.16666666666666663,0.2857142857142857,0.0
2179,1.0,0.16666666666666663,0.2857142857142857,0.0
2180,1.0,0.16666666666666663,0.2857142857142857,0.015625
2181,1.0,0.16666666666666663,0.2857142857142857,0.0
2182,1.0,0.16666666666666663,0.2857142857142857,0.0
2183,1.0,0.16666666666666663,0.2857142857142857,0.015625
2184,1.0,0.16666666666666663,0.2857142857142857,0.0
2185,1.0,0.16666666666666663,0.2857142857142857,0.0
2186,1.0,0.16666666666666663,0.2857142857142857,0.015625
2187,1.0,0.16666666666666663,0.2857142857142857,0.0
2188,1.0,0.16666666666666663,0.2857142857142857,0.0
2189,1.0,0.16666666666666663,0.2857142857142857,0.015625
2190,1.0,0.16666666666666663,0.2857142857142857,0.0
2191,1.0,0.16666666666666663,0.2857142857142857,0.0
2192,1.0,0.16666666666666663,0.2857142857142857,0.015625
2193,1.0,0.16666666666666663,0.2857142857142857,0.0
2194,1.0,0.16666666666666663,0.2857142857142857,0.0
2195,1.0,0.16666666666666663,0.2857142857142857,0.015625
2196,1.0,0.16666666666666663,0.2857142857142857,0.0
2197,1.0,0.16666666666666663,0.2857142857142857,0.0
2198,1.0,0.16666666666666663,0.2857142857142857,0.015625
2199,1.0,0.16666666666666663,0.2857142857142857,0.0
2200,1.0,0.16666666666666663,0.2857142857142857,0.015625
2201,1.0,0.16666666666666663,0.2857142857142857,0.0
2202,1.0,0.16666666666666663,0.2857142857142857,0.0
2203,1.0,0.16666666666666663,0.2857142857142857,0.015625
2204,1.0,0.16666666666666663,0.2857142857142857,0.0
2205,1.0,0.16666666666666663,0.2857142857142857,0.0
2206,1.0,0.16666666666666663,0.2857142857142857,0.015625
2207,1.0,0.16666666666666663,0.2857142857142857,0.0
2208,1.0,0.16666666666666663,0.2857142857142857,0.0
2209,1.0,0.16666666666666663,0.2857142857142857,0.015625
2210,1.0,0.16666666666666663,0.2857142857142857,0.0
2211,1.0,0.16666666666666663,0.2857142857142857,0.0
2212,1.0,0.16666666666666663,0.2857142857142857,0.015625
2213,1.0,0.16666666666666663,0.2857142857142857,0.0
2214,1.0,0.16666666666666663,0.2857142857142857,0.0
2215,1.0,0.16666666666666663,0.2857142857142857,0.015625
2216,1.0,0.16666666666666663,0.2857142857142857,0.0
2217,1.0,0.16666666666666663,0.2857142857142857,0.0
2218,1.0,0.16666666666666663,0.2857142857142857,0.015625
2219,1.0,0.16666666666666663,0.2857142857142857,0.0
2220,1.0,0.16666666666666663,0.2857142857142857,0.0
2221,1.0,0.16666666666666663,0.2857142857142857,0.015625
2222,1.0,0.16666666666666663,0.2857142857142857,0.0
2223,1.0,0.16666666666666663,0.2857142857142857,0.0
2224,1.0,0.16666666666666663,0.2857142857142857,0.015625
2225,1.0,0.16666666666666663,0.2857142857142857,0.0
2226,1.0,0.16666666666666663,0.2857142857142857,0.015625
2227,1.0,0.16666666666666663,0.2857142857142857,0.0
2228,1.0,0.16666666666666663,0.2857142857142857,0.0
2229,1.0,0.16666666666666663,0.2857142857142857,0.015625
2230,1.0,0.16666666666666663,0.2857142857142857,0.0
2231,1.0,0.16666666666666663,0.2857142857142857,0.0
2232,1.0,0.16666666666666663,0.2857142857142857,0.015625
2233,1.0,0.16666666666666663,0.2857142857142857,0.0
2234,1.0,0.16666666666666663,0.2857142857142857,0.0
2235,1.0,0.16666666666666663,0.2857142857142857,0.015625
2236,1.0,0.16666666666666663,0.2857142857142857,0.0
2237,1.0,0.16666666666666663,0.2857142857142857,0.0
2238,1.0,0.16666666666666663,0.2857142857142857,0.015625
2239,1.0,0.16666666666666663,0.2857142857142857,0.0
2240,1.0,0.16666666666666663,0.2857142857142857,0.0
2241,1.0,0.16666666666666663,0.2857142857142857,0.0
2242,1.0,0.16666666666666663,0.2857142857142857,0.015625
2243,0.8333333333333334,0.11111111111111116,0.1960784313725491,0.0
2244,0.8333333333333334,0.11111111111111116,0.1960784313725491,0.015625
2245,1.0,0.16666666666666663,0.2857142857142857,0.0
2246,1.0,0.16666666666666663,0.2857142857142857,0.0
2247,1.0,0.16666666666666663,0.2857142857142857,0.015625
2248,1.0,0.16666666666666663,0.2857142857142857,0.0
2249,1.0,0.16666666666666663,0.2857142857142857,0.0
2250,1.0,0.16666666666666663,0.2857142857142857,0.015625
2251,1.0,0.16666666666666663,0.2857142857142857,0.0
2252,1.0,0.16666666666666663,0.2857142857142857,0.0
2253,1.0,0.16666666666666663,0.2857142857142857,0.015625
2254,1.0,0.16666666666666663,0.2857142857142857,0.0
2255,1.0,0.16666666666666663,0.2857142857142857,0.0
2256,1.0,0.16666666666666663,0.2857142857142857,0.0
2257,1.0,0.16666666666666663,0.2857142857142857,0.015625
2258,1.0,0.16666666666666663,0.2857142857142857,0.0
2259,1.0,0.16666666666666663,0.2857142857142857,0.0
2260,1.0,0.16666666666666663,0.2857142857142857,0.015625
2261,1.0,0.16666666666666663,0.2857142857142857,0.0
2262,1.0,0.16666666666666663,0.2857142857142857,0.0
2263,1.0,0.16666666666666663,0.2857142857142857,0.015625
2264,1.0,0.16666666666666663,0.2857142857142857,0.0
2265,1.0,0.16666666666666663,0.2857142857142857,0.0
2266,1.0,0.16666666666666663,0.2857142857142857,0.015625
2267,1.0,0.16666666666666663,0.2857142857142857,0.0
2268,0.625,0.11111111111111116,0.18867924528301894,0.0
2269,1.0,0.16666666666666663,0.2857142857142857,0.015625
2270,1.0,0.16666666666666663,0.2857142857142857,0.0
2271,1.0,0.16666666666666663,0.2857142857142857,0.015625
2272,1.0,0.16666666666666663,0.2857142857142857,0.0
2273,1.0,0.16666666666666663,0.2857142857142857,0.0
2274,1.0,0.16666666666666663,0.2857142857142857,0.015625
2275,0.8333333333333334,0.11111111111111116,0.1960784313725491,0.0
2276,1.0,0.16666666666666663,0.2857142857142857,0.0
2277,1.0,0.16666666666666663,0.2857142857142857,0.015625
2278,1.0,0.16666666666666663,0.2857142857142857,0.0
2279,1.0,0.16666666666666663,0.2857142857142857,0.0
2280,1.0,0.16666666666666663,0.2857142857142857,0.015625
2281,1.0,0.16666666666666663,0.2857142857142857,0.0
2282,1.0,0.16666666666666663,0.2857142857142857,0.0
2283,1.0,0.16666666666666663,0.2857142857142857,0.015625
2284,1.0,0.16666666666666663,0.2857142857142857,0.0
2285,1.0,0.16666666666666663,0.2857142857142857,0.0
2286,1.0,0.16666666666666663,0.2857142857142857,0.015625
2287,1.0,0.16666666666666663,0.2857142857142857,0.0
2288,1.0,0.16666666666666663,0.2857142857142857,0.0
2289,1.0,0.16666666666666663,0.2857142857142857,0.015625
2290,1.0,0.16666666666666663,0.2857142857142857,0.0
2291,1.0,0.16666666666666663,0.2857142857142857,0.0
2292,1.0,0.16666666666666663,0.2857142857142857,0.015625
2293,1.0,0.16666666666666663,0.2857142857142857,0.0
2294,1.0,0.16666666666666663,0.2857142857142857,0.015625
2295,1.0,0.16666666666666663,0.2857142857142857,0.0
2296,1.0,0.16666666666666663,0.2857142857142857,0.0
2297,1.0,0.16666666666666663,0.2857142857142857,0.015625
2298,1.0,0.16666666666666663,0.2857142857142857,0.0
2299,1.0,0.16666666666666663,0.2857142857142857,0.0
2300,1.0,0.16666666666666663,0.2857142857142857,0.015625
2301,1.0,0.16666666666666663,0.2857142857142857,0.0
2302,1.0,0.16666666666666663,0.2857142857142857,0.0
2303,1.0,0.16666666666666663,0.2857142857142857,0.015625
2304,1.0,0.16666666666666663,0.2857142857142857,0.0
2305,1.0,0.16666666666666663,0.2857142857142857,0.0
2306,1.0,0.16666666666666663,0.2857142857142857,0.015625
2307,1.0,0.16666666666666663,0.2857142857142857,0.0
2308,1.0,0.16666666666666663,0.2857142857142857,0.0
2309,1.0,0.16666666666666663,0.2857142857142857,0.015625
2310,1.0,0.16666666666666663,0.2857142857142857,0.0
2311,1.0,0.16666666666666663,0.2857142857142857,0.0
2312,1.0,0.16666666666666663,0.2857142857142857,0.015625
2313,1.0,0.16666666666666663,0.2857142857142857,0.0
2314,1.0,0.16666666666666663,0.2857142857142857,0.0
2315,1.0,0.16666666666666663,0.2857142857142857,0.015625
2316,1.0,0.16666666666666663,0.2857142857142857,0.0
2317,1.0,0.16666666666666663,0.2857142857142857,0.0
2318,1.0,0.16666666666666663,0.2857142857142857,0.015625
2319,1.0,0.16666666666666663,0.2857142857142857,0.0
2320,1.0,0.16666666666666663,0.2857142857142857,0.0
2321,1.0,0.16666666666666663,0.2857142857142857,0.015625
2322,1.0,0.16666666666666663,0.2857142857142857,0.0
2323,1.0,0.16666666666666663,0.2857142857142857,0.0
2324,1.0,0.16666666666666663,0.2857142857142857,0.015625
2325,1.0,0.16666666666666663,0.2857142857142857,0.0
2326,1.0,0.16666666666666663,0.2857142857142857,0.0
2327,1.0,0.16666666666666663,0.2857142857142857,0.015625
2328,1.0,0.16666666666666663,0.2857142857142857,0.0
2329,1.0,0.16666666666666663,0.2857142857142857,0.0
2330,1.0,0.16666666666666663,0.2857142857142857,0.015625
2331,1.0,0.16666666666666663,0.2857142857142857,0.0
2332,1.0,0.16666666666666663,0.2857142857142857,0.0
2333,1.0,0.16666666666666663,0.2857142857142857,0.015625
2334,1.0,0.16666666666666663,0.2857142857142857,0.0
2335,1.0,0.16666666666666663,0.2857142857142857,0.015625
2336,1.0,0.16666666666666663,0.2857142857142857,0.0
2337,1.0,0.16666666666666663,0.2857142857142857,0.0
2338,1.0,0.16666666666666663,0.2857142857142857,0.015625
2339,1.0,0.16666666666666663,0.2857142857142857,0.0
2340,1.0,0.16666666666666663,0.2857142857142857,0.0
2341,1.0,0.16666666666666663,0.2857142857142857,0.015625
2342,1.0,0.16666666666666663,0.2857142857142857,0.0
2343,1.0,0.16666666666666663,0.2857142857142857,0.0
2344,1.0,0.16666666666666663,0.2857142857142857,0.0
2345,1.0,0.16666666666666663,0.2857142857142857,0.015625
2346,1.0,0.16666666666666663,0.2857142857142857,0.0
2347,1.0,0.16666666666666663,0.2857142857142857,0.0
2348,1.0,0.16666666666666663,0.2857142857142857,0.015625
2349,1.0,0.16666666666666663,0.2857142857142857,0.0
2350,1.0,0.16666666666666663,0.2857142857142857,0.015625
2351,1.0,0.16666666666666663,0.2857142857142857,0.0
2352,1.0,0.16666666666666663,0.2857142857142857,0.0
2353,1.0,0.16666666666666663,0.2857142857142857,0.015625
2354,1.0,0.16666666666666663,0.2857142857142857,0.0
2355,1.0,0.16666666666666663,0.2857142857142857,0.0
2356,1.0,0.16666666666666663,0.2857142857142857,0.015625
2357,1.0,0.16666666666666663,0.2857142857142857,0.0
2358,1.0,0.16666666666666663,0.2857142857142857,0.0
2359,1.0,0.16666666666666663,0.2857142857142857,0.015625
2360,1.0,0.16666666666666663,0.2857142857142857,0.03125
2361,1.0,0.16666666666666663,0.2857142857142857,0.015625
2362,1.0,0.16666666666666663,0.2857142857142857,0.0
2363,1.0,0.16666666666666663,0.2857142857142857,0.0
2364,1.0,0.16666666666666663,0.2857142857142857,0.015625
2365,1.0,0.16666666666666663,0.2857142857142857,0.0
2366,1.0,0.16666666666666663,0.2857142857142857,0.0
2367,1.0,0.16666666666666663,0.2857142857142857,0.015625
2368,1.0,0.16666666666666663,0.2857142857142857,0.0
2369,1.0,0.16666666666666663,0.2857142857142857,0.015625
2370,1.0,0.16666666666666663,0.2857142857142857,0.0
2371,1.0,0.16666666666666663,0.2857142857142857,0.015625
2372,1.0,0.16666666666666663,0.2857142857142857,0.0
2373,1.0,0.16666666666666663,0.2857142857142857,0.0
2374,1.0,0.16666666666666663,0.2857142857142857,0.015625
2375,1.0,0.16666666666666663,0.2857142857142857,0.0
2376,1.0,0.16666666666666663,0.2857142857142857,0.0
2377,1.0,0.16666666666666663,0.2857142857142857,0.015625
2378,1.0,0.16666666666666663,0.2857142857142857,0.0
2379,1.0,0.16666666666666663,0.2857142857142857,0.015625
2380,1.0,0.16666666666666663,0.2857142857142857,0.0
2381,1.0,0.16666666666666663,0.2857142857142857,0.0
2382,1.0,0.16666666666666663,0.2857142857142857,0.015625
2383,1.0,0.16666666666666663,0.2857142857142857,0.0
2384,1.0,0.16666666666666663,0.2857142857142857,0.0
2385,1.0,0.16666666666666663,0.2857142857142857,0.015625
2386,1.0,0.16666666666666663,0.2857142857142857,0.0
2387,1.0,0.16666666666666663,0.2857142857142857,0.0
2388,0.875,0.11111111111111116,0.19718309859154937,0.015625
2389,1.0,0.16666666666666663,0.2857142857142857,0.0
2390,1.0,0.16666666666666663,0.2857142857142857,0.015625
2391,1.0,0.16666666666666663,0.2857142857142857,0.0
2392,1.0,0.16666666666666663,0.2857142857142857,0.0
2393,1.0,0.16666666666666663,0.2857142857142857,0.0
2394,1.0,0.16666666666666663,0.2857142857142857,0.015625
2395,1.0,0.16666666666666663,0.2857142857142857,0.0
2396,1.0,0.16666666666666663,0.2857142857142857,0.0
2397,1.0,0.16666666666666663,0.2857142857142857,0.015625
2398,1.0,0.16666666666666663,0.2857142857142857,0.0
2399,1.0,0.16666666666666663,0.2857142857142857,0.015625
2400,1.0,0.16666666666666663,0.2857142857142857,0.0
2401,1.0,0.16666666666666663,0.2857142857142857,0.0
2402,1.0,0.16666666666666663,0.2857142857142857,0.0
2403,1.0,0.16666666666666663,0.2857142857142857,0.015625
2404,1.0,0.16666666666666663,0.2857142857142857,0.0
2405,1.0,0.16666666666666663,0.2857142857142857,0.0
2406,1.0,0.16666666666666663,0.2857142857142857,0.015625
2407,1.0,0.16666666666666663,0.2857142857142857,0.0
2408,1.0,0.16666666666666663,0.2857142857142857,0.015625
2409,1.0,0.16666666666666663,0.2857142857142857,0.0
2410,1.0,0.16666666666666663,0.2857142857142857,0.0
2411,1.0,0.16666666666666663,0.2857142857142857,0.015625
2412,1.0,0.16666666666666663,0.2857142857142857,0.0
2413,1.0,0.16666666666666663,0.2857142857142857,0.0
2414,1.0,0.16666666666666663,0.2857142857142857,0.015625
2415,1.0,0.16666666666666663,0.2857142857142857,0.0
2416,1.0,0.16666666666666663,0.2857142857142857,0.0
2417,1.0,0.16666666666666663,0.2857142857142857,0.015625
2418,1.0,0.16666666666666663,0.2857142857142857,0.0
2419,1.0,0.16666666666666663,0.2857142857142857,0.0
2420,1.0,0.16666666666666663,0.2857142857142857,0.015625
2421,1.0,0.16666666666666663,0.2857142857142857,0.0
2422,1.0,0.16666666666666663,0.2857142857142857,0.0
2423,1.0,0.16666666666666663,0.2857142857142857,0.015625
2424,1.0,0.16666666666666663,0.2857142857142857,0.0
2425,1.0,0.16666666666666663,0.2857142857142857,0.0
2426,1.0,0.16666666666666663,0.2857142857142857,0.015625
2427,1.0,0.16666666666666663,0.2857142857142857,0.0
2428,1.0,0.16666666666666663,0.2857142857142857,0.0
2429,1.0,0.16666666666666663,0.2857142857142857,0.015625
2430,1.0,0.16666666666666663,0.2857142857142857,0.0
2431,1.0,0.16666666666666663,0.2857142857142857,0.015625
2432,1.0,0.16666666666666663,0.2857142857142857,0.0
2433,1.0,0.16666666666666663,0.2857142857142857,0.0
2434,1.0,0.16666666666666663,0.2857142857142857,0.015625
2435,1.0,0.16666666666666663,0.2857142857142857,0.0
2436,1.0,0.16666666666666663,0.2857142857142857,0.0
2437,1.0,0.16666666666666663,0.2857142857142857,0.015625
2438,1.0,0.16666666666666663,0.2857142857142857,0.0
2439,1.0,0.16666666666666663,0.2857142857142857,0.015625
2440,1.0,0.16666666666666663,0.2857142857142857,0.0
2441,1.0,0.16666666666666663,0.2857142857142857,0.0
2442,1.0,0.16666666666666663,0.2857142857142857,0.015625
2443,1.0,0.16666666666666663,0.2857142857142857,0.0
2444,1.0,0.16666666666666663,0.2857142857142857,0.0
2445,1.0,0.16666666666666663,0.2857142857142857,0.015625
2446,1.0,0.16666666666666663,0.2857142857142857,0.0
2447,1.0,0.16666666666666663,0.2857142857142857,0.015625
2448,1.0,0.16666666666666663,0.2857142857142857,0.0
2449,1.0,0.16666666666666663,0.2857142857142857,0.0
2450,1.0,0.16666666666666663,0.2857142857142857,0.015625
2451,1.0,0.16666666666666663,0.2857142857142857,0.0
2452,1.0,0.16666666666666663,0.2857142857142857,0.0
2453,1.0,0.16666666666666663,0.2857142857142857,0.015625
2454,1.0,0.16666666666666663,0.2857142857142857,0.0
2455,1.0,0.16666666666666663,0.2857142857142857,0.0
2456,1.0,0.16666666666666663,0.2857142857142857,0.015625
2457,1.0,0.16666666666666663,0.2857142857142857,0.0
2458,1.0,0.16666666666666663,0.2857142857142857,0.0
2459,1.0,0.16666666666666663,0.2857142857142857,0.015625
2460,1.0,0.16666666666666663,0.2857142857142857,0.0
2461,1.0,0.16666666666666663,0.2857142857142857,0.0
2462,1.0,0.16666666666666663,0.2857142857142857,0.015625
2463,1.0,0.16666666666666663,0.2857142857142857,0.0
2464,1.0,0.16666666666666663,0.2857142857142857,0.0
2465,1.0,0.16666666666666663,0.2857142857142857,0.015625
2466,1.0,0.16666666666666663,0.2857142857142857,0.0
2467,1.0,0.16666666666666663,0.2857142857142857,0.0
2468,1.0,0.16666666666666663,0.2857142857142857,0.015625
2469,1.0,0.16666666666666663,0.2857142857142857,0.0
2470,1.0,0.16666666666666663,0.2857142857142857,0.0
2471,1.0,0.16666666666666663,0.2857142857142857,0.015625
2472,1.0,0.16666666666666663,0.2857142857142857,0.0
2473,1.0,0.16666666666666663,0.2857142857142857,0.015625
2474,1.0,0.16666666666666663,0.2857142857142857,0.0
2475,1.0,0.16666666666666663,0.2857142857142857,0.0
2476,1.0,0.16666666666666663,0.2857142857142857,0.015625
2477,1.0,0.16666666666666663,0.2857142857142857,0.0
2478,1.0,0.16666666666666663,0.2857142857142857,0.0
2479,1.0,0.16666666666666663,0.2857142857142857,0.015625
2480,1.0,0.16666666666666663,0.2857142857142857,0.0
2481,1.0,0.16666666666666663,0.2857142857142857,0.0
2482,1.0,0.16666666666666663,0.2857142857142857,0.015625
2483,1.0,0.16666666666666663,0.2857142857142857,0.0
2484,1.0,0.16666666666666663,0.2857142857142857,0.0
2485,1.0,0.16666666666666663,0.2857142857142857,0.015625
2486,1.0,0.16666666666666663,0.2857142857142857,0.0
2487,1.0,0.16666666666666663,0.2857142857142857,0.0
2488,1.0,0.16666666666666663,0.2857142857142857,0.015625
2489,1.0,0.16666666666666663,0.2857142857142857,0.0
2490,1.0,0.16666666666666663,0.2857142857142857,0.015625
2491,1.0,0.16666666666666663,0.2857142857142857,0.0
2492,1.0,0.16666666666666663,0.2857142857142857,0.0
2493,1.0,0.16666666666666663,0.2857142857142857,0.0
2494,1.0,0.16666666666666663,0.2857142857142857,0.015625
2495,1.0,0.16666666666666663,0.2857142857142857,0.0
2496,1.0,0.16666666666666663,0.2857142857142857,0.0
2497,1.0,0.16666666666666663,0.2857142857142857,0.015625
2498,1.0,0.16666666666666663,0.2857142857142857,0.0
2499,1.0,0.16666666666666663,0.2857142857142857,0.0
2500,1.0,0.16666666666666663,0.2857142857142857,0.015625
2501,1.0,0.16666666666666663,0.2857142857142857,0.0
2502,1.0,0.16666666666666663,0.2857142857142857,0.0
2503,1.0,0.16666666666666663,0.2857142857142857,0.015625
2504,1.0,0.16666666666666663,0.2857142857142857,0.0
2505,1.0,0.16666666666666663,0.2857142857142857,0.015625
2506,1.0,0.16666666666666663,0.2857142857142857,0.0
2507,1.0,0.16666666666666663,0.2857142857142857,0.0
2508,1.0,0.16666666666666663,0.2857142857142857,0.015625
2509,1.0,0.16666666666666663,0.2857142857142857,0.0
2510,1.0,0.16666666666666663,0.2857142857142857,0.0
2511,1.0,0.16666666666666663,0.2857142857142857,0.015625
2512,1.0,0.16666666666666663,0.2857142857142857,0.0
2513,1.0,0.16666666666666663,0.2857142857142857,0.0
2514,1.0,0.16666666666666663,0.2857142857142857,0.015625
2515,1.0,0.16666666666666663,0.2857142857142857,0.0
2516,1.0,0.16666666666666663,0.2857142857142857,0.0
2517,1.0,0.16666666666666663,0.2857142857142857,0.015625
2518,1.0,0.16666666666666663,0.2857142857142857,0.0
2519,1.0,0.16666666666666663,0.2857142857142857,0.0
2520,1.0,0.16666666666666663,0.2857142857142857,0.015625
2521,1.0,0.16666666666666663,0.2857142857142857,0.0
2522,1.0,0.16666666666666663,0.2857142857142857,0.0
2523,1.0,0.16666666666666663,0.2857142857142857,0.015625
2524,1.0,0.16666666666666663,0.2857142857142857,0.0
2525,1.0,0.16666666666666663,0.2857142857142857,0.0
2526,1.0,0.16666666666666663,0.2857142857142857,0.015625
2527,1.0,0.16666666666666663,0.2857142857142857,0.0
2528,1.0,0.16666666666666663,0.2857142857142857,0.0
2529,1.0,0.16666666666666663,0.2857142857142857,0.015625
2530,1.0,0.16666666666666663,0.2857142857142857,0.0
2531,1.0,0.16666666666666663,0.2857142857142857,0.0
2532,1.0,0.16666666666666663,0.2857142857142857,0.015625
2533,1.0,0.16666666666666663,0.2857142857142857,0.0
2534,1.0,0.16666666666666663,0.2857142857142857,0.0
2535,1.0,0.16666666666666663,0.2857142857142857,0.015625
2536,1.0,0.16666666666666663,0.2857142857142857,0.0
2537,1.0,0.16666666666666663,0.2857142857142857,0.0
2538,1.0,0.16666666666666663,0.2857142857142857,0.015625
2539,1.0,0.16666666666666663,0.2857142857142857,0.0
2540,1.0,0.16666666666666663,0.2857142857142857,0.0
2541,1.0,0.16666666666666663,0.2857142857142857,0.015625
2542,1.0,0.16666666666666663,0.2857142857142857,0.0
2543,1.0,0.16666666666666663,0.2857142857142857,0.015625
2544,1.0,0.16666666666666663,0.2857142857142857,0.0
2545,1.0,0.16666666666666663,0.2857142857142857,0.0
2546,1.0,0.16666666666666663,0.2857142857142857,0.015625
2547,1.0,0.16666666666666663,0.2857142857142857,0.0
2548,1.0,0.16666666666666663,0.2857142857142857,0.0
2549,1.0,0.16666666666666663,0.2857142857142857,0.015625
2550,1.0,0.16666666666666663,0.2857142857142857,0.0
2551,1.0,0.16666666666666663,0.2857142857142857,0.0
2552,1.0,0.16666666666666663,0.2857142857142857,0.015625
2553,1.0,0.16666666666666663,0.2857142857142857,0.0
2554,1.0,0.16666666666666663,0.2857142857142857,0.015625
2555,1.0,0.16666666666666663,0.2857142857142857,0.0
2556,1.0,0.16666666666666663,0.2857142857142857,0.0
2557,1.0,0.16666666666666663,0.2857142857142857,0.015625
2558,1.0,0.16666666666666663,0.2857142857142857,0.0
2559,1.0,0.16666666666666663,0.2857142857142857,0.0
2560,1.0,0.16666666666666663,0.2857142857142857,0.015625
2561,1.0,0.16666666666666663,0.2857142857142857,0.0
2562,1.0,0.16666666666666663,0.2857142857142857,0.0
2563,1.0,0.16666666666666663,0.2857142857142857,0.015625
2564,1.0,0.16666666666666663,0.2857142857142857,0.0
2565,1.0,0.16666666666666663,0.2857142857142857,0.0
2566,1.0,0.16666666666666663,0.2857142857142857,0.015625
2567,1.0,0.16666666666666663,0.2857142857142857,0.0
2568,1.0,0.16666666666666663,0.2857142857142857,0.0
2569,1.0,0.16666666666666663,0.2857142857142857,0.015625
2570,1.0,0.16666666666666663,0.2857142857142857,0.0
2571,1.0,0.16666666666666663,0.2857142857142857,0.015625
2572,1.0,0.16666666666666663,0.2857142857142857,0.0
2573,1.0,0.16666666666666663,0.2857142857142857,0.0
2574,1.0,0.16666666666666663,0.2857142857142857,0.015625
2575,1.0,0.16666666666666663,0.2857142857142857,0.0
2576,1.0,0.16666666666666663,0.2857142857142857,0.0
2577,1.0,0.16666666666666663,0.2857142857142857,0.015625
2578,1.0,0.16666666666666663,0.2857142857142857,0.0
2579,1.0,0.16666666666666663,0.2857142857142857,0.0
2580,1.0,0.16666666666666663,0.2857142857142857,0.015625
2581,1.0,0.16666666666666663,0.2857142857142857,0.0
2582,1.0,0.16666666666666663,0.2857142857142857,0.015625
2583,1.0,0.16666666666666663,0.2857142857142857,0.0
2584,1.0,0.16666666666666663,0.2857142857142857,0.0
2585,1.0,0.16666666666666663,0.2857142857142857,0.015625
2586,1.0,0.16666666666666663,0.2857142857142857,0.0
2587,1.0,0.16666666666666663,0.2857142857142857,0.0
2588,1.0,0.16666666666666663,0.2857142857142857,0.015625
2589,1.0,0.16666666666666663,0.2857142857142857,0.0
2590,1.0,0.16666666666666663,0.2857142857142857,0.0
2591,1.0,0.16666666666666663,0.2857142857142857,0.015625
2592,1.0,0.16666666666666663,0.2857142857142857,0.0
2593,1.0,0.16666666666666663,0.2857142857142857,0.0
2594,1.0,0.16666666666666663,0.2857142857142857,0.015625
2595,1.0,0.16666666666666663,0.2857142857142857,0.0
2596,1.0,0.16666666666666663,0.2857142857142857,0.0
2597,1.0,0.16666666666666663,0.2857142857142857,0.015625
2598,1.0,0.16666666666666663,0.2857142857142857,0.0
2599,1.0,0.16666666666666663,0.2857142857142857,0.0
2600,1.0,0.16666666666666663,0.2857142857142857,0.015625
2601,1.0,0.16666666666666663,0.2857142857142857,0.0
2602,1.0,0.16666666666666663,0.2857142857142857,0.0
2603,1.0,0.16666666666666663,0.2857142857142857,0.015625
2604,1.0,0.16666666666666663,0.2857142857142857,0.0
2605,1.0,0.16666666666666663,0.2857142857142857,0.0
2606,1.0,0.16666666666666663,0.2857142857142857,0.015625
2607,1.0,0.16666666666666663,0.2857142857142857,0.0
2608,1.0,0.16666666666666663,0.2857142857142857,0.015625
2609,1.0,0.16666666666666663,0.2857142857142857,0.0
2610,1.0,0.16666666666666663,0.2857142857142857,0.0
2611,1.0,0.16666666666666663,0.2857142857142857,0.015625
2612,1.0,0.16666666666666663,0.2857142857142857,0.0
2613,1.0,0.16666666666666663,0.2857142857142857,0.0
2614,1.0,0.16666666666666663,0.2857142857142857,0.015625
2615,1.0,0.16666666666666663,0.2857142857142857,0.0
2616,1.0,0.16666666666666663,0.2857142857142857,0.0
2617,1.0,0.16666666666666663,0.2857142857142857,0.015625
2618,1.0,0.16666666666666663,0.2857142857142857,0.0
2619,1.0,0.16666666666666663,0.2857142857142857,0.0
2620,1.0,0.16666666666666663,0.2857142857142857,0.015625
2621,1.0,0.16666666666666663,0.2857142857142857,0.0
2622,1.0,0.16666666666666663,0.2857142857142857,0.0
2623,1.0,0.16666666666666663,0.2857142857142857,0.015625
2624,1.0,0.16666666666666663,0.2857142857142857,0.0
2625,1.0,0.16666666666666663,0.2857142857142857,0.0
2626,1.0,0.16666666666666663,0.2857142857142857,0.015625
2627,1.0,0.16666666666666663,0.2857142857142857,0.0
2628,1.0,0.16666666666666663,0.2857142857142857,0.0
2629,1.0,0.16666666666666663,0.2857142857142857,0.015625
2630,1.0,0.16666666666666663,0.2857142857142857,0.0
2631,1.0,0.16666666666666663,0.2857142857142857,0.0
2632,1.0,0.16666666666666663,0.2857142857142857,0.015625
2633,1.0,0.16666666666666663,0.2857142857142857,0.0
2634,1.0,0.16666666666666663,0.2857142857142857,0.0
2635,1.0,0.16666666666666663,0.2857142857142857,0.015625
2636,1.0,0.16666666666666663,0.2857142857142857,0.0
2637,1.0,0.16666666666666663,0.2857142857142857,0.0
2638,1.0,0.16666666666666663,0.2857142857142857,0.015625
2639,1.0,0.16666666666666663,0.2857142857142857,0.0
2640,1.0,0.16666666666666663,0.2857142857142857,0.0
2641,1.0,0.16666666666666663,0.2857142857142857,0.015625
2642,1.0,0.16666666666666663,0.2857142857142857,0.03125
2643,1.0,0.16666666666666663,0.2857142857142857,0.015625
2644,1.0,0.16666666666666663,0.2857142857142857,0.0
2645,1.0,0.16666666666666663,0.2857142857142857,0.0
2646,1.0,0.16666666666666663,0.2857142857142857,0.015625
2647,1.0,0.16666666666666663,0.2857142857142857,0.0
2648,1.0,0.16666666666666663,0.2857142857142857,0.0
2649,1.0,0.16666666666666663,0.2857142857142857,0.0
2650,1.0,0.16666666666666663,0.2857142857142857,0.015625
2651,1.0,0.16666666666666663,0.2857142857142857,0.0
2652,1.0,0.16666666666666663,0.2857142857142857,0.0
2653,1.0,0.16666666666666663,0.2857142857142857,0.015625
2654,1.0,0.16666666666666663,0.2857142857142857,0.0
2655,1.0,0.16666666666666663,0.2857142857142857,0.015625
2656,1.0,0.16666666666666663,0.2857142857142857,0.0
2657,1.0,0.16666666666666663,0.2857142857142857,0.0
2658,1.0,0.16666666666666663,0.2857142857142857,0.0
2659,1.0,0.16666666666666663,0.2857142857142857,0.015625
2660,1.0,0.16666666666666663,0.2857142857142857,0.0
2661,1.0,0.16666666666666663,0.2857142857142857,0.015625
2662,1.0,0.16666666666666663,0.2857142857142857,0.0
2663,1.0,0.16666666666666663,0.2857142857142857,0.0
2664,1.0,0.16666666666666663,0.2857142857142857,0.015625
2665,1.0,0.16666666666666663,0.2857142857142857,0.0
2666,1.0,0.16666666666666663,0.2857142857142857,0.0
2667,1.0,0.16666666666666663,0.2857142857142857,0.015625
2668,1.0,0.16666666666666663,0.2857142857142857,0.0
2669,1.0,0.16666666666666663,0.2857142857142857,0.0
2670,0.8333333333333334,0.11111111111111116,0.1960784313725491,0.015625
2671,1.0,0.16666666666666663,0.2857142857142857,0.0
2672,1.0,0.16666666666666663,0.2857142857142857,0.015625
2673,1.0,0.16666666666666663,0.2857142857142857,0.0
2674,1.0,0.16666666666666663,0.2857142857142857,0.0
2675,1.0,0.16666666666666663,0.2857142857142857,0.015625
2676,1.0,0.16666666666666663,0.2857142857142857,0.0
2677,1.0,0.16666666666666663,0.2857142857142857,0.0
2678,1.0,0.16666666666666663,0.2857142857142857,0.015625
2679,1.0,0.16666666666666663,0.2857142857142857,0.0
2680,1.0,0.16666666666666663,0.2857142857142857,0.0
2681,1.0,0.16666666666666663,0.2857142857142857,0.015625
2682,1.0,0.16666666666666663,0.2857142857142857,0.0
2683,1.0,0.16666666666666663,0.2857142857142857,0.015625
2684,1.0,0.16666666666666663,0.2857142857142857,0.0
2685,1.0,0.16666666666666663,0.2857142857142857,0.0
2686,1.0,0.16666666666666663,0.2857142857142857,0.0
2687,1.0,0.16666666666666663,0.2857142857142857,0.015625
2688,1.0,0.16666666666666663,0.2857142857142857,0.0
2689,1.0,0.16666666666666663,0.2857142857142857,0.0
2690,1.0,0.16666666666666663,0.2857142857142857,0.015625
2691,1.0,0.16666666666666663,0.2857142857142857,0.0
2692,1.0,0.16666666666666663,0.2857142857142857,0.015625
2693,1.0,0.16666666666666663,0.2857142857142857,0.0
2694,1.0,0.16666666666666663,0.2857142857142857,0.0
2695,1.0,0.16666666666666663,0.2857142857142857,0.015625
2696,1.0,0.16666666666666663,0.2857142857142857,0.0
2697,1.0,0.16666666666666663,0.2857142857142857,0.0
2698,1.0,0.16666666666666663,0.2857142857142857,0.015625
2699,1.0,0.16666666666666663,0.2857142857142857,0.0
2700,1.0,0.16666666666666663,0.2857142857142857,0.0
2701,1.0,0.16666666666666663,0.2857142857142857,0.015625
2702,1.0,0.16666666666666663,0.2857142857142857,0.0
2703,1.0,0.16666666666666663,0.2857142857142857,0.0
2704,1.0,0.16666666666666663,0.2857142857142857,0.015625
2705,1.0,0.16666666666666663,0.2857142857142857,0.0
2706,1.0,0.16666666666666663,0.2857142857142857,0.0
2707,1.0,0.16666666666666663,0.2857142857142857,0.015625
2708,1.0,0.16666666666666663,0.2857142857142857,0.0
2709,1.0,0.16666666666666663,0.2857142857142857,0.0
2710,1.0,0.16666666666666663,0.2857142857142857,0.015625
2711,1.0,0.16666666666666663,0.2857142857142857,0.0
2712,1.0,0.16666666666666663,0.2857142857142857,0.0
2713,1.0,0.16666666666666663,0.2857142857142857,0.015625
2714,1.0,0.16666666666666663,0.2857142857142857,0.0
2715,1.0,0.16666666666666663,0.2857142857142857,0.0
2716,1.0,0.16666666666666663,0.2857142857142857,0.015625
2717,1.0,0.16666666666666663,0.2857142857142857,0.0
2718,1.0,0.16666666666666663,0.2857142857142857,0.0
2719,1.0,0.16666666666666663,0.2857142857142857,0.015625
2720,1.0,0.16666666666666663,0.2857142857142857,0.0
2721,1.0,0.16666666666666663,0.2857142857142857,0.0
2722,1.0,0.16666666666666663,0.2857142857142857,0.015625
2723,1.0,0.16666666666666663,0.2857142857142857,0.0
2724,1.0,0.16666666666666663,0.2857142857142857,0.015625
2725,1.0,0.16666666666666663,0.2857142857142857,0.0
2726,1.0,0.16666666666666663,0.2857142857142857,0.0
2727,1.0,0.16666666666666663,0.2857142857142857,0.015625
2728,1.0,0.16666666666666663,0.2857142857142857,0.0
2729,1.0,0.16666666666666663,0.2857142857142857,0.0
2730,1.0,0.16666666666666663,0.2857142857142857,0.015625
2731,1.0,0.16666666666666663,0.2857142857142857,0.0
2732,1.0,0.16666666666666663,0.2857142857142857,0.0
2733,1.0,0.16666666666666663,0.2857142857142857,0.015625
2734,1.0,0.16666666666666663,0.2857142857142857,0.0
2735,1.0,0.16666666666666663,0.2857142857142857,0.0
2736,1.0,0.16666666666666663,0.2857142857142857,0.015625
2737,1.0,0.16666666666666663,0.2857142857142857,0.0
2738,1.0,0.16666666666666663,0.2857142857142857,0.015625
2739,1.0,0.16666666666666663,0.2857142857142857,0.0
2740,1.0,0.16666666666666663,0.2857142857142857,0.0
2741,1.0,0.16666666666666663,0.2857142857142857,0.015625
2742,1.0,0.16666666666666663,0.2857142857142857,0.0
2743,1.0,0.16666666666666663,0.2857142857142857,0.0
2744,1.0,0.16666666666666663,0.2857142857142857,0.015625
2745,1.0,0.16666666666666663,0.2857142857142857,0.0
2746,1.0,0.16666666666666663,0.2857142857142857,0.0
2747,1.0,0.16666666666666663,0.2857142857142857,0.015625
2748,1.0,0.16666666666666663,0.2857142857142857,0.0
2749,1.0,0.16666666666666663,0.2857142857142857,0.0
2750,1.0,0.16666666666666663,0.2857142857142857,0.015625
2751,1.0,0.16666666666666663,0.2857142857142857,0.0
2752,1.0,0.16666666666666663,0.2857142857142857,0.0
2753,1.0,0.16666666666666663,0.2857142857142857,0.015625
2754,1.0,0.16666666666666663,0.2857142857142857,0.0
2755,1.0,0.16666666666666663,0.2857142857142857,0.0
2756,1.0,0.16666666666666663,0.2857142857142857,0.015625
2757,1.0,0.16666666666666663,0.2857142857142857,0.0
2758,1.0,0.16666666666666663,0.2857142857142857,0.015625
2759,1.0,0.16666666666666663,0.2857142857142857,0.0
2760,1.0,0.16666666666666663,0.2857142857142857,0.0
2761,1.0,0.16666666666666663,0.2857142857142857,0.0
2762,1.0,0.16666666666666663,0.2857142857142857,0.015625
2763,1.0,0.16666666666666663,0.2857142857142857,0.0
2764,1.0,0.16666666666666663,0.2857142857142857,0.015625
2765,1.0,0.16666666666666663,0.2857142857142857,0.0
2766,1.0,0.16666666666666663,0.2857142857142857,0.0
2767,1.0,0.16666666666666663,0.2857142857142857,0.015625
2768,1.0,0.16666666666666663,0.2857142857142857,0.0
2769,1.0,0.16666666666666663,0.2857142857142857,0.0
2770,1.0,0.16666666666666663,0.2857142857142857,0.015625
2771,1.0,0.16666666666666663,0.2857142857142857,0.0
2772,1.0,0.16666666666666663,0.2857142857142857,0.0
2773,1.0,0.16666666666666663,0.2857142857142857,0.015625
2774,1.0,0.16666666666666663,0.2857142857142857,0.0
2775,1.0,0.16666666666666663,0.2857142857142857,0.0
2776,1.0,0.16666666666666663,0.2857142857142857,0.015625
2777,1.0,0.16666666666666663,0.2857142857142857,0.0
2778,1.0,0.16666666666666663,0.2857142857142857,0.0
2779,1.0,0.16666666666666663,0.2857142857142857,0.015625
2780,1.0,0.16666666666666663,0.2857142857142857,0.0
2781,1.0,0.16666666666666663,0.2857142857142857,0.0
2782,1.0,0.16666666666666663,0.2857142857142857,0.015625
2783,1.0,0.16666666666666663,0.2857142857142857,0.0
2784,1.0,0.16666666666666663,0.2857142857142857,0.0
2785,1.0,0.16666666666666663,0.2857142857142857,0.015625
2786,1.0,0.16666666666666663,0.2857142857142857,0.0
2787,1.0,0.16666666666666663,0.2857142857142857,0.0
2788,1.0,0.16666666666666663,0.2857142857142857,0.015625
2789,1.0,0.16666666666666663,0.2857142857142857,0.0
2790,1.0,0.16666666666666663,0.2857142857142857,0.0
2791,1.0,0.16666666666666663,0.2857142857142857,0.015625
2792,1.0,0.16666666666666663,0.2857142857142857,0.0
2793,1.0,0.16666666666666663,0.2857142857142857,0.015625
2794,1.0,0.16666666666666663,0.2857142857142857,0.0
2795,1.0,0.16666666666666663,0.2857142857142857,0.0
2796,1.0,0.16666666666666663,0.2857142857142857,0.015625
2797,1.0,0.16666666666666663,0.2857142857142857,0.0
2798,1.0,0.16666666666666663,0.2857142857142857,0.0
2799,1.0,0.16666666666666663,0.2857142857142857,0.015625
2800,1.0,0.16666666666666663,0.2857142857142857,0.0
2801,1.0,0.16666666666666663,0.2857142857142857,0.0
2802,1.0,0.16666666666666663,0.2857142857142857,0.015625
2803,1.0,0.16666666666666663,0.2857142857142857,0.0
2804,1.0,0.16666666666666663,0.2857142857142857,0.0
2805,1.0,0.16666666666666663,0.2857142857142857,0.015625
2806,1.0,0.16666666666666663,0.2857142857142857,0.0
2807,1.0,0.16666666666666663,0.2857142857142857,0.0
2808,1.0,0.16666666666666663,0.2857142857142857,0.015625
2809,1.0,0.16666666666666663,0.2857142857142857,0.0
2810,1.0,0.16666666666666663,0.2857142857142857,0.0
2811,1.0,0.16666666666666663,0.2857142857142857,0.015625
2812,1.0,0.16666666666666663,0.2857142857142857,0.0
2813,1.0,0.16666666666666663,0.2857142857142857,0.0
2814,1.0,0.16666666666666663,0.2857142857142857,0.015625
2815,1.0,0.16666666666666663,0.2857142857142857,0.0
2816,1.0,0.16666666666666663,0.2857142857142857,0.0
2817,1.0,0.16666666666666663,0.2857142857142857,0.015625
2818,1.0,0.16666666666666663,0.2857142857142857,0.0
2819,1.0,0.16666666666666663,0.2857142857142857,0.0
2820,1.0,0.16666666666666663,0.2857142857142857,0.015625
2821,1.0,0.16666666666666663,0.2857142857142857,0.0
2822,1.0,0.16666666666666663,0.2857142857142857,0.0
2823,1.0,0.16666666666666663,0.2857142857142857,0.015625
2824,1.0,0.16666666666666663,0.2857142857142857,0.0
2825,1.0,0.16666666666666663,0.2857142857142857,0.0
2826,1.0,0.16666666666666663,0.2857142857142857,0.015625
2827,1.0,0.16666666666666663,0.2857142857142857,0.0
2828,1.0,0.16666666666666663,0.2857142857142857,0.0
2829,1.0,0.16666666666666663,0.2857142857142857,0.015625
2830,1.0,0.16666666666666663,0.2857142857142857,0.0
2831,1.0,0.16666666666666663,0.2857142857142857,0.015625
2832,1.0,0.16666666666666663,0.2857142857142857,0.0
2833,1.0,0.16666666666666663,0.2857142857142857,0.0
2834,1.0,0.16666666666666663,0.2857142857142857,0.015625
2835,1.0,0.16666666666666663,0.2857142857142857,0.0
2836,1.0,0.16666666666666663,0.2857142857142857,0.0
2837,1.0,0.16666666666666663,0.2857142857142857,0.015625
2838,1.0,0.16666666666666663,0.2857142857142857,0.0
2839,1.0,0.16666666666666663,0.2857142857142857,0.0
2840,1.0,0.16666666666666663,0.2857142857142857,0.015625
2841,1.0,0.16666666666666663,0.2857142857142857,0.0
2842,1.0,0.16666666666666663,0.2857142857142857,0.0
2843,1.0,0.16666666666666663,0.2857142857142857,0.015625
2844,1.0,0.16666666666666663,0.2857142857142857,0.0
2845,1.0,0.16666666666666663,0.2857142857142857,0.0
2846,1.0,0.16666666666666663,0.2857142857142857,0.015625
2847,1.0,0.16666666666666663,0.2857142857142857,0.0
2848,1.0,0.16666666666666663,0.2857142857142857,0.0
2849,1.0,0.16666666666666663,0.2857142857142857,0.015625
2850,1.0,0.16666666666666663,0.2857142857142857,0.0
2851,1.0,0.16666666666666663,0.2857142857142857,0.015625
2852,1.0,0.16666666666666663,0.2857142857142857,0.0
2853,1.0,0.16666666666666663,0.2857142857142857,0.0
2854,1.0,0.16666666666666663,0.2857142857142857,0.015625
2855,1.0,0.16666666666666663,0.2857142857142857,0.0
2856,1.0,0.16666666666666663,0.2857142857142857,0.0
2857,1.0,0.16666666666666663,0.2857142857142857,0.015625
2858,1.0,0.16666666666666663,0.2857142857142857,0.0
2859,1.0,0.16666666666666663,0.2857142857142857,0.015625
2860,1.0,0.16666666666666663,0.2857142857142857,0.0
2861,1.0,0.16666666666666663,0.2857142857142857,0.0
2862,1.0,0.16666666666666663,0.2857142857142857,0.0
2863,1.0,0.16666666666666663,0.2857142857142857,0.015625
2864,1.0,0.16666666666666663,0.2857142857142857,0.0
2865,1.0,0.16666666666666663,0.2857142857142857,0.0
2866,1.0,0.16666666666666663,0.2857142857142857,0.015625
2867,1.0,0.16666666666666663,0.2857142857142857,0.0
2868,1.0,0.16666666666666663,0.2857142857142857,0.015625
2869,1.0,0.16666666666666663,0.2857142857142857,0.0
2870,1.0,0.16666666666666663,0.2857142857142857,0.0
2871,1.0,0.16666666666666663,0.2857142857142857,0.015625
2872,1.0,0.16666666666666663,0.2857142857142857,0.0
2873,1.0,0.16666666666666663,0.2857142857142857,0.0
2874,1.0,0.16666666666666663,0.2857142857142857,0.015625
2875,1.0,0.16666666666666663,0.2857142857142857,0.0
2876,1.0,0.16666666666666663,0.2857142857142857,0.0
2877,1.0,0.16666666666666663,0.2857142857142857,0.015625
2878,1.0,0.16666666666666663,0.2857142857142857,0.0
2879,1.0,0.16666666666666663,0.2857142857142857,0.0
2880,1.0,0.16666666666666663,0.2857142857142857,0.015625
2881,1.0,0.16666666666666663,0.2857142857142857,0.0
2882,1.0,0.16666666666666663,0.2857142857142857,0.0
2883,1.0,0.16666666666666663,0.2857142857142857,0.015625
2884,1.0,0.16666666666666663,0.2857142857142857,0.0
2885,1.0,0.16666666666666663,0.2857142857142857,0.015625
2886,1.0,0.16666666666666663,0.2857142857142857,0.0
2887,1.0,0.16666666666666663,0.2857142857142857,0.0
2888,1.0,0.16666666666666663,0.2857142857142857,0.015625
2889,0.5,0.11111111111111116,0.18181818181818188,0.0
2890,1.0,0.16666666666666663,0.2857142857142857,0.015625
2891,1.0,0.16666666666666663,0.2857142857142857,0.0
2892,1.0,0.16666666666666663,0.2857142857142857,0.0
2893,1.0,0.16666666666666663,0.2857142857142857,0.0
2894,1.0,0.16666666666666663,0.2857142857142857,0.015625
2895,1.0,0.16666666666666663,0.2857142857142857,0.0
2896,1.0,0.16666666666666663,0.2857142857142857,0.015625
2897,1.0,0.16666666666666663,0.2857142857142857,0.0
2898,1.0,0.16666666666666663,0.2857142857142857,0.0
2899,1.0,0.16666666666666663,0.2857142857142857,0.0
2900,1.0,0.16666666666666663,0.2857142857142857,0.015625
2901,1.0,0.16666666666666663,0.2857142857142857,0.0
2902,1.0,0.16666666666666663,0.2857142857142857,0.0
2903,1.0,0.16666666666666663,0.2857142857142857,0.015625
2904,1.0,0.16666666666666663,0.2857142857142857,0.0
2905,0.875,0.11111111111111116,0.19718309859154937,0.015625
2906,1.0,0.16666666666666663,0.2857142857142857,0.0
2907,1.0,0.16666666666666663,0.2857142857142857,0.015625
2908,1.0,0.16666666666666663,0.2857142857142857,0.0
2909,1.0,0.16666666666666663,0.2857142857142857,0.0
2910,1.0,0.16666666666666663,0.2857142857142857,0.0
2911,0.8333333333333334,0.11111111111111116,0.1960784313725491,0.015625
2912,1.0,0.16666666666666663,0.2857142857142857,0.0
2913,1.0,0.16666666666666663,0.2857142857142857,0.015625
2914,1.0,0.16666666666666663,0.2857142857142857,0.0
2915,1.0,0.16666666666666663,0.2857142857142857,0.0
2916,1.0,0.16666666666666663,0.2857142857142857,0.015625
2917,1.0,0.16666666666666663,0.2857142857142857,0.0
2918,1.0,0.16666666666666663,0.2857142857142857,0.0
2919,1.0,0.16666666666666663,0.2857142857142857,0.015625
2920,1.0,0.16666666666666663,0.2857142857142857,0.03125
2921,1.0,0.16666666666666663,0.2857142857142857,0.015625
2922,1.0,0.16666666666666663,0.2857142857142857,0.0
2923,1.0,0.16666666666666663,0.2857142857142857,0.0
2924,1.0,0.16666666666666663,0.2857142857142857,0.015625
2925,1.0,0.16666666666666663,0.2857142857142857,0.0
2926,1.0,0.16666666666666663,0.2857142857142857,0.0
2927,1.0,0.16666666666666663,0.2857142857142857,0.0
2928,1.0,0.16666666666666663,0.2857142857142857,0.015625
2929,1.0,0.16666666666666663,0.2857142857142857,0.0
2930,1.0,0.16666666666666663,0.2857142857142857,0.015625
2931,1.0,0.16666666666666663,0.2857142857142857,0.0
2932,1.0,0.16666666666666663,0.2857142857142857,0.0
2933,0.7142857142857143,0.11111111111111116,0.19230769230769237,0.015625
2934,1.0,0.16666666666666663,0.2857142857142857,0.0
2935,1.0,0.16666666666666663,0.2857142857142857,0.0
2936,1.0,0.16666666666666663,0.2857142857142857,0.015625
2937,1.0,0.16666666666666663,0.2857142857142857,0.0
2938,1.0,0.16666666666666663,0.2857142857142857,0.0
2939,1.0,0.16666666666666663,0.2857142857142857,0.015625
2940,1.0,0.16666666666666663,0.2857142857142857,0.0
2941,1.0,0.16666666666666663,0.2857142857142857,0.0
2942,1.0,0.16666666666666663,0.2857142857142857,0.015625
2943,1.0,0.16666666666666663,0.2857142857142857,0.0
2944,1.0,0.16666666666666663,0.2857142857142857,0.0
2945,1.0,0.16666666666666663,0.2857142857142857,0.015625
2946,1.0,0.16666666666666663,0.2857142857142857,0.0
2947,1.0,0.16666666666666663,0.2857142857142857,0.0
2948,1.0,0.16666666666666663,0.2857142857142857,0.015625
2949,1.0,0.16666666666666663,0.2857142857142857,0.0
2950,1.0,0.16666666666666663,0.2857142857142857,0.0
2951,1.0,0.16666666666666663,0.2857142857142857,0.015625
2952,1.0,0.16666666666666663,0.2857142857142857,0.0
2953,1.0,0.16666666666666663,0.2857142857142857,0.0
2954,1.0,0.16666666666666663,0.2857142857142857,0.0
2955,1.0,0.16666666666666663,0.2857142857142857,0.015625
2956,1.0,0.16666666666666663,0.2857142857142857,0.0
2957,1.0,0.16666666666666663,0.2857142857142857,0.015625
2958,1.0,0.16666666666666663,0.2857142857142857,0.0
2959,1.0,0.16666666666666663,0.2857142857142857,0.0
2960,1.0,0.16666666666666663,0.2857142857142857,0.015625
2961,1.0,0.16666666666666663,0.2857142857142857,0.0
2962,1.0,0.16666666666666663,0.2857142857142857,0.0
2963,1.0,0.16666666666666663,0.2857142857142857,0.015625
2964,1.0,0.16666666666666663,0.2857142857142857,0.0
2965,1.0,0.16666666666666663,0.2857142857142857,0.0
2966,1.0,0.16666666666666663,0.2857142857142857,0.0
2967,1.0,0.16666666666666663,0.2857142857142857,0.015625
2968,1.0,0.16666666666666663,0.2857142857142857,0.0
2969,1.0,0.16666666666666663,0.2857142857142857,0.0
2970,1.0,0.16666666666666663,0.2857142857142857,0.015625
2971,0.8571428571428572,0.125,0.21818181818181817,0.0
2972,1.0,0.16666666666666663,0.2857142857142857,0.015625
2973,1.0,0.16666666666666663,0.2857142857142857,0.0
2974,1.0,0.16666666666666663,0.2857142857142857,0.0
2975,1.0,0.16666666666666663,0.2857142857142857,0.0
2976,1.0,0.16666666666666663,0.2857142857142857,0.015625
2977,1.0,0.16666666666666663,0.2857142857142857,0.0
2978,0.875,0.11111111111111116,0.19718309859154937,0.015625
2979,1.0,0.16666666666666663,0.2857142857142857,0.0
2980,1.0,0.16666666666666663,0.2857142857142857,0.0
2981,1.0,0.16666666666666663,0.2857142857142857,0.015625
2982,1.0,0.16666666666666663,0.2857142857142857,0.0
2983,1.0,0.16666666666666663,0.2857142857142857,0.0
2984,1.0,0.16666666666666663,0.2857142857142857,0.015625
2985,1.0,0.16666666666666663,0.2857142857142857,0.0
2986,1.0,0.16666666666666663,0.2857142857142857,0.0
2987,1.0,0.16666666666666663,0.2857142857142857,0.015625
2988,1.0,0.16666666666666663,0.2857142857142857,0.0
2989,1.0,0.16666666666666663,0.2857142857142857,0.0
2990,0.8333333333333334,0.11111111111111116,0.1960784313725491,0.015625
2991,1.0,0.16666666666666663,0.2857142857142857,0.0
2992,1.0,0.16666666666666663,0.2857142857142857,0.0
2993,1.0,0.16666666666666663,0.2857142857142857,0.015625
2994,1.0,0.16666666666666663,0.2857142857142857,0.0
2995,1.0,0.16666666666666663,0.2857142857142857,0.0
2996,1.0,0.16666666666666663,0.2857142857142857,0.015625
2997,1.0,0.16666666666666663,0.2857142857142857,0.0
2998,1.0,0.16666666666666663,0.2857142857142857,0.0
2999,1.0,0.16666666666666663,0.2857142857142857,0.015625
3000,1.0,0.16666666666666663,0.2857142857142857,0.0
3001,1.0,0.16666666666666663,0.2857142857142857,0.0
3002,1.0,0.16666666666666663,0.2857142857142857,0.015625
3003,1.0,0.16666666666666663,0.2857142857142857,0.0
3004,1.0,0.16666666666666663,0.2857142857142857,0.0
3005,1.0,0.16666666666666663,0.2857142857142857,0.015625
3006,1.0,0.16666666666666663,0.2857142857142857,0.0
3007,1.0,0.16666666666666663,0.2857142857142857,0.0
3008,1.0,0.16666666666666663,0.2857142857142857,0.015625
3009,1.0,0.16666666666666663,0.2857142857142857,0.0
3010,1.0,0.16666666666666663,0.2857142857142857,0.0
3011,1.0,0.16666666666666663,0.2857142857142857,0.015625
3012,1.0,0.16666666666666663,0.2857142857142857,0.0
3013,1.0,0.16666666666666663,0.2857142857142857,0.0
3014,1.0,0.16666666666666663,0.2857142857142857,0.015625
3015,1.0,0.16666666666666663,0.2857142857142857,0.0
3016,1.0,0.16666666666666663,0.2857142857142857,0.0
3017,1.0,0.16666666666666663,0.2857142857142857,0.015625
3018,1.0,0.16666666666666663,0.2857142857142857,0.0
3019,1.0,0.16666666666666663,0.2857142857142857,0.0
3020,1.0,0.16666666666666663,0.2857142857142857,0.015625
3021,1.0,0.16666666666666663,0.2857142857142857,0.0
3022,1.0,0.16666666666666663,0.2857142857142857,0.0
3023,1.0,0.16666666666666663,0.2857142857142857,0.015625
3024,1.0,0.16666666666666663,0.2857142857142857,0.0
3025,1.0,0.16666666666666663,0.2857142857142857,0.0
3026,1.0,0.16666666666666663,0.2857142857142857,0.015625
3027,1.0,0.16666666666666663,0.2857142857142857,0.0
3028,1.0,0.16666666666666663,0.2857142857142857,0.0
3029,1.0,0.16666666666666663,0.2857142857142857,0.015625
3030,1.0,0.16666666666666663,0.2857142857142857,0.0
3031,1.0,0.16666666666666663,0.2857142857142857,0.015625
3032,1.0,0.16666666666666663,0.2857142857142857,0.0
3033,1.0,0.16666666666666663,0.2857142857142857,0.0
3034,1.0,0.16666666666666663,0.2857142857142857,0.015625
3035,1.0,0.16666666666666663,0.2857142857142857,0.0
3036,1.0,0.16666666666666663,0.2857142857142857,0.0
3037,1.0,0.16666666666666663,0.2857142857142857,0.015625
3038,1.0,0.16666666666666663,0.2857142857142857,0.0
3039,1.0,0.16666666666666663,0.2857142857142857,0.0
3040,1.0,0.16666666666666663,0.2857142857142857,0.015625
3041,1.0,0.16666666666666663,0.2857142857142857,0.0
3042,1.0,0.16666666666666663,0.2857142857142857,0.0
3043,1.0,0.16666666666666663,0.2857142857142857,0.015625
3044,1.0,0.16666666666666663,0.2857142857142857,0.0
3045,1.0,0.16666666666666663,0.2857142857142857,0.0
3046,1.0,0.16666666666666663,0.2857142857142857,0.015625
3047,1.0,0.16666666666666663,0.2857142857142857,0.0
3048,1.0,0.16666666666666663,0.2857142857142857,0.0
3049,1.0,0.16666666666666663,0.2857142857142857,0.015625
3050,1.0,0.16666666666666663,0.2857142857142857,0.0
3051,1.0,0.16666666666666663,0.2857142857142857,0.0
3052,1.0,0.16666666666666663,0.2857142857142857,0.015625
3053,1.0,0.16666666666666663,0.2857142857142857,0.0
3054,1.0,0.16666666666666663,0.2857142857142857,0.0
3055,1.0,0.16666666666666663,0.2857142857142857,0.015625
3056,1.0,0.16666666666666663,0.2857142857142857,0.0
3057,1.0,0.16666666666666663,0.2857142857142857,0.0
3058,1.0,0.16666666666666663,0.2857142857142857,0.015625
3059,1.0,0.16666666666666663,0.2857142857142857,0.0
3060,1.0,0.16666666666666663,0.2857142857142857,0.0
3061,1.0,0.16666666666666663,0.2857142857142857,0.015625
3062,1.0,0.16666666666666663,0.2857142857142857,0.0
3063,1.0,0.16666666666666663,0.2857142857142857,0.0
3064,1.0,0.16666666666666663,0.2857142857142857,0.015625
3065,1.0,0.16666666666666663,0.2857142857142857,0.0
3066,1.0,0.16666666666666663,0.2857142857142857,0.0
3067,1.0,0.16666666666666663,0.2857142857142857,0.015625
3068,1.0,0.16666666666666663,0.2857142857142857,0.0
3069,1.0,0.16666666666666663,0.2857142857142857,0.0
3070,1.0,0.16666666666666663,0.2857142857142857,0.015625
3071,1.0,0.16666666666666663,0.2857142857142857,0.0
3072,1.0,0.16666666666666663,0.2857142857142857,0.0
3073,1.0,0.16666666666666663,0.2857142857142857,0.0
3074,1.0,0.16666666666666663,0.2857142857142857,0.015625
3075,1.0,0.16666666666666663,0.2857142857142857,0.0
3076,1.0,0.16666666666666663,0.2857142857142857,0.0
3077,1.0,0.16666666666666663,0.2857142857142857,0.015625
3078,1.0,0.16666666666666663,0.2857142857142857,0.0
3079,1.0,0.16666666666666663,0.2857142857142857,0.0
3080,1.0,0.16666666666666663,0.2857142857142857,0.015625
3081,1.0,0.16666666666666663,0.2857142857142857,0.0
3082,1.0,0.16666666666666663,0.2857142857142857,0.0
3083,1.0,0.16666666666666663,0.2857142857142857,0.015625
3084,1.0,0.16666666666666663,0.2857142857142857,0.0
3085,1.0,0.16666666666666663,0.2857142857142857,0.015625
3086,1.0,0.16666666666666663,0.2857142857142857,0.0
3087,1.0,0.16666666666666663,0.2857142857142857,0.0
3088,1.0,0.16666666666666663,0.2857142857142857,0.0
3089,1.0,0.16666666666666663,0.2857142857142857,0.015625
3090,1.0,0.16666666666666663,0.2857142857142857,0.0
3091,1.0,0.16666666666666663,0.2857142857142857,0.0
3092,1.0,0.16666666666666663,0.2857142857142857,0.015625
3093,1.0,0.16666666666666663,0.2857142857142857,0.0
3094,1.0,0.16666666666666663,0.2857142857142857,0.0
3095,1.0,0.16666666666666663,0.2857142857142857,0.015625
3096,1.0,0.16666666666666663,0.2857142857142857,0.0
3097,1.0,0.16666666666666663,0.2857142857142857,0.0
3098,1.0,0.16666666666666663,0.2857142857142857,0.015625
3099,1.0,0.16666666666666663,0.2857142857142857,0.0
3100,1.0,0.16666666666666663,0.2857142857142857,0.0
3101,1.0,0.16666666666666663,0.2857142857142857,0.015625
3102,1.0,0.16666666666666663,0.2857142857142857,0.0
3103,1.0,0.16666666666666663,0.2857142857142857,0.0
3104,1.0,0.16666666666666663,0.2857142857142857,0.015625
3105,1.0,0.16666666666666663,0.2857142857142857,0.0
3106,1.0,0.16666666666666663,0.2857142857142857,0.0
3107,1.0,0.16666666666666663,0.2857142857142857,0.015625
3108,1.0,0.16666666666666663,0.2857142857142857,0.0
3109,1.0,0.16666666666666663,0.2857142857142857,0.0
3110,1.0,0.16666666666666663,0.2857142857142857,0.015625
3111,1.0,0.16666666666666663,0.2857142857142857,0.0
3112,1.0,0.16666666666666663,0.2857142857142857,0.0
3113,1.0,0.16666666666666663,0.2857142857142857,0.015625
3114,1.0,0.16666666666666663,0.2857142857142857,0.0
3115,1.0,0.16666666666666663,0.2857142857142857,0.0
3116,1.0,0.16666666666666663,0.2857142857142857,0.015625
3117,1.0,0.16666666666666663,0.2857142857142857,0.0
3118,1.0,0.16666666666666663,0.2857142857142857,0.0
3119,1.0,0.16666666666666663,0.2857142857142857,0.015625
3120,1.0,0.16666666666666663,0.2857142857142857,0.0
3121,1.0,0.16666666666666663,0.2857142857142857,0.0
3122,1.0,0.16666666666666663,0.2857142857142857,0.015625
3123,1.0,0.16666666666666663,0.2857142857142857,0.0
3124,1.0,0.16666666666666663,0.2857142857142857,0.0
3125,1.0,0.16666666666666663,0.2857142857142857,0.015625
3126,1.0,0.16666666666666663,0.2857142857142857,0.0
3127,1.0,0.16666666666666663,0.2857142857142857,0.0
3128,1.0,0.16666666666666663,0.2857142857142857,0.015625
3129,1.0,0.16666666666666663,0.2857142857142857,0.0
3130,1.0,0.16666666666666663,0.2857142857142857,0.0
3131,1.0,0.16666666666666663,0.2857142857142857,0.015625
3132,1.0,0.16666666666666663,0.2857142857142857,0.0
3133,1.0,0.16666666666666663,0.2857142857142857,0.0
3134,1.0,0.16666666666666663,0.2857142857142857,0.015625
3135,1.0,0.16666666666666663,0.2857142857142857,0.0
3136,1.0,0.16666666666666663,0.2857142857142857,0.015625
3137,1.0,0.16666666666666663,0.2857142857142857,0.0
3138,1.0,0.16666666666666663,0.2857142857142857,0.0
3139,1.0,0.16666666666666663,0.2857142857142857,0.015625
3140,1.0,0.16666666666666663,0.2857142857142857,0.0
3141,1.0,0.16666666666666663,0.2857142857142857,0.0
3142,1.0,0.16666666666666663,0.2857142857142857,0.015625
3143,1.0,0.16666666666666663,0.2857142857142857,0.0
3144,1.0,0.16666666666666663,0.2857142857142857,0.0
3145,1.0,0.16666666666666663,0.2857142857142857,0.015625
3146,1.0,0.16666666666666663,0.2857142857142857,0.0
3147,1.0,0.16666666666666663,0.2857142857142857,0.0
3148,1.0,0.16666666666666663,0.2857142857142857,0.015625
3149,1.0,0.16666666666666663,0.2857142857142857,0.0
3150,1.0,0.16666666666666663,0.2857142857142857,0.0
3151,1.0,0.16666666666666663,0.2857142857142857,0.015625
3152,1.0,0.16666666666666663,0.2857142857142857,0.0
3153,1.0,0.16666666666666663,0.2857142857142857,0.0
3154,1.0,0.16666666666666663,0.2857142857142857,0.015625
3155,1.0,0.16666666666666663,0.2857142857142857,0.0
3156,1.0,0.16666666666666663,0.2857142857142857,0.0
3157,1.0,0.16666666666666663,0.2857142857142857,0.015625
3158,1.0,0.16666666666666663,0.2857142857142857,0.0
3159,1.0,0.16666666666666663,0.2857142857142857,0.0
3160,1.0,0.16666666666666663,0.2857142857142857,0.0
3161,1.0,0.16666666666666663,0.2857142857142857,0.015625
3162,1.0,0.16666666666666663,0.2857142857142857,0.0
3163,1.0,0.16666666666666663,0.2857142857142857,0.0
3164,1.0,0.16666666666666663,0.2857142857142857,0.015625
3165,1.0,0.16666666666666663,0.2857142857142857,0.0
3166,1.0,0.16666666666666663,0.2857142857142857,0.0
3167,1.0,0.16666666666666663,0.2857142857142857,0.015625
3168,1.0,0.16666666666666663,0.2857142857142857,0.0
3169,1.0,0.16666666666666663,0.2857142857142857,0.0
3170,1.0,0.16666666666666663,0.2857142857142857,0.015625
3171,1.0,0.16666666666666663,0.2857142857142857,0.0
3172,1.0,0.16666666666666663,0.2857142857142857,0.0
3173,1.0,0.16666666666666663,0.2857142857142857,0.015625
3174,1.0,0.16666666666666663,0.2857142857142857,0.0
3175,1.0,0.16666666666666663,0.2857142857142857,0.0
3176,1.0,0.16666666666666663,0.2857142857142857,0.015625
3177,1.0,0.16666666666666663,0.2857142857142857,0.0
3178,1.0,0.16666666666666663,0.2857142857142857,0.0
3179,1.0,0.16666666666666663,0.2857142857142857,0.0
3180,1.0,0.16666666666666663,0.2857142857142857,0.015625
3181,1.0,0.16666666666666663,0.2857142857142857,0.0
3182,1.0,0.16666666666666663,0.2857142857142857,0.0
3183,1.0,0.16666666666666663,0.2857142857142857,0.015625
3184,1.0,0.16666666666666663,0.2857142857142857,0.0
3185,1.0,0.16666666666666663,0.2857142857142857,0.0
3186,1.0,0.16666666666666663,0.2857142857142857,0.015625
3187,1.0,0.16666666666666663,0.2857142857142857,0.0
3188,1.0,0.16666666666666663,0.2857142857142857,0.0
3189,1.0,0.16666666666666663,0.2857142857142857,0.015625
3190,1.0,0.16666666666666663,0.2857142857142857,0.0
3191,1.0,0.16666666666666663,0.2857142857142857,0.015625
3192,1.0,0.16666666666666663,0.2857142857142857,0.0
3193,1.0,0.16666666666666663,0.2857142857142857,0.0
3194,1.0,0.16666666666666663,0.2857142857142857,0.015625
3195,1.0,0.16666666666666663,0.2857142857142857,0.0
3196,1.0,0.16666666666666663,0.2857142857142857,0.015625
3197,1.0,0.16666666666666663,0.2857142857142857,0.0
3198,1.0,0.16666666666666663,0.2857142857142857,0.0
3199,1.0,0.16666666666666663,0.2857142857142857,0.015625
3200,1.0,0.16666666666666663,0.2857142857142857,0.0
3201,1.0,0.16666666666666663,0.2857142857142857,0.0
3202,1.0,0.16666666666666663,0.2857142857142857,0.015625
3203,1.0,0.16666666666666663,0.2857142857142857,0.0
3204,1.0,0.16666666666666663,0.2857142857142857,0.0
3205,1.0,0.16666666666666663,0.2857142857142857,0.015625
3206,1.0,0.16666666666666663,0.2857142857142857,0.0
3207,1.0,0.16666666666666663,0.2857142857142857,0.0
3208,1.0,0.16666666666666663,0.2857142857142857,0.0
3209,1.0,0.16666666666666663,0.2857142857142857,0.015625
3210,1.0,0.16666666666666663,0.2857142857142857,0.0
3211,1.0,0.16666666666666663,0.2857142857142857,0.015625
3212,1.0,0.16666666666666663,0.2857142857142857,0.0
3213,1.0,0.16666666666666663,0.2857142857142857,0.0
3214,1.0,0.16666666666666663,0.2857142857142857,0.0
3215,1.0,0.16666666666666663,0.2857142857142857,0.015625
3216,1.0,0.16666666666666663,0.2857142857142857,0.0
3217,1.0,0.16666666666666663,0.2857142857142857,0.0
3218,1.0,0.16666666666666663,0.2857142857142857,0.015625
3219,1.0,0.16666666666666663,0.2857142857142857,0.0
3220,1.0,0.16666666666666663,0.2857142857142857,0.0
3221,1.0,0.16666666666666663,0.2857142857142857,0.015625
3222,1.0,0.16666666666666663,0.2857142857142857,0.0
3223,1.0,0.16666666666666663,0.2857142857142857,0.015625
3224,1.0,0.16666666666666663,0.2857142857142857,0.0
3225,1.0,0.16666666666666663,0.2857142857142857,0.0
3226,1.0,0.16666666666666663,0.2857142857142857,0.0
3227,1.0,0.16666666666666663,0.2857142857142857,0.015625
3228,1.0,0.16666666666666663,0.2857142857142857,0.0
3229,1.0,0.16666666666666663,0.2857142857142857,0.046875
3230,1.0,0.16666666666666663,0.2857142857142857,0.0
3231,1.0,0.16666666666666663,0.2857142857142857,0.015625
3232,1.0,0.16666666666666663,0.2857142857142857,0.0
3233,1.0,0.16666666666666663,0.2857142857142857,0.0
3234,1.0,0.16666666666666663,0.2857142857142857,0.015625
3235,1.0,0.16666666666666663,0.2857142857142857,0.0
3236,1.0,0.16666666666666663,0.2857142857142857,0.0
3237,1.0,0.16666666666666663,0.2857142857142857,0.0
3238,1.0,0.16666666666666663,0.2857142857142857,0.015625
3239,1.0,0.16666666666666663,0.2857142857142857,0.0
3240,1.0,0.16666666666666663,0.2857142857142857,0.015625
3241,1.0,0.16666666666666663,0.2857142857142857,0.0
3242,1.0,0.16666666666666663,0.2857142857142857,0.0
3243,1.0,0.16666666666666663,0.2857142857142857,0.0
3244,1.0,0.16666666666666663,0.2857142857142857,0.015625
3245,1.0,0.16666666666666663,0.2857142857142857,0.0
3246,1.0,0.16666666666666663,0.2857142857142857,0.015625
3247,1.0,0.16666666666666663,0.2857142857142857,0.0
3248,1.0,0.16666666666666663,0.2857142857142857,0.0
3249,1.0,0.16666666666666663,0.2857142857142857,0.0
3250,1.0,0.16666666666666663,0.2857142857142857,0.015625
3251,1.0,0.16666666666666663,0.2857142857142857,0.0
3252,1.0,0.16666666666666663,0.2857142857142857,0.0
3253,1.0,0.16666666666666663,0.2857142857142857,0.015625
3254,1.0,0.16666666666666663,0.2857142857142857,0.0
3255,1.0,0.16666666666666663,0.2857142857142857,0.0
3256,1.0,0.16666666666666663,0.2857142857142857,0.015625
3257,1.0,0.16666666666666663,0.2857142857142857,0.0
3258,1.0,0.16666666666666663,0.2857142857142857,0.0
3259,1.0,0.16666666666666663,0.2857142857142857,0.015625
3260,0.7777777777777778,0.11111111111111116,0.1944444444444445,0.0
3261,1.0,0.16666666666666663,0.2857142857142857,0.015625
3262,1.0,0.16666666666666663,0.2857142857142857,0.0
3263,1.0,0.16666666666666663,0.2857142857142857,0.0
3264,1.0,0.16666666666666663,0.2857142857142857,0.015625
3265,1.0,0.16666666666666663,0.2857142857142857,0.0
3266,1.0,0.16666666666666663,0.2857142857142857,0.0
3267,1.0,0.16666666666666663,0.2857142857142857,0.015625
3268,1.0,0.16666666666666663,0.2857142857142857,0.0
3269,1.0,0.16666666666666663,0.2857142857142857,0.0
3270,1.0,0.16666666666666663,0.2857142857142857,0.015625
3271,1.0,0.16666666666666663,0.2857142857142857,0.0
3272,1.0,0.16666666666666663,0.2857142857142857,0.0
3273,1.0,0.16666666666666663,0.2857142857142857,0.015625
3274,1.0,0.16666666666666663,0.2857142857142857,0.0
3275,1.0,0.16666666666666663,0.2857142857142857,0.0
3276,1.0,0.16666666666666663,0.2857142857142857,0.015625
3277,1.0,0.16666666666666663,0.2857142857142857,0.0
3278,1.0,0.16666666666666663,0.2857142857142857,0.0
3279,1.0,0.16666666666666663,0.2857142857142857,0.015625
3280,1.0,0.16666666666666663,0.2857142857142857,0.0
3281,1.0,0.16666666666666663,0.2857142857142857,0.0
3282,1.0,0.16666666666666663,0.2857142857142857,0.015625
3283,1.0,0.16666666666666663,0.2857142857142857,0.0
3284,1.0,0.16666666666666663,0.2857142857142857,0.015625
3285,1.0,0.16666666666666663,0.2857142857142857,0.0
3286,1.0,0.16666666666666663,0.2857142857142857,0.015625
3287,1.0,0.16666666666666663,0.2857142857142857,0.0
3288,1.0,0.16666666666666663,0.2857142857142857,0.0
3289,0.8333333333333334,0.11111111111111116,0.1960784313725491,0.015625
3290,1.0,0.16666666666666663,0.2857142857142857,0.0
3291,1.0,0.16666666666666663,0.2857142857142857,0.015625
3292,0.8333333333333334,0.11111111111111116,0.1960784313725491,0.0
3293,1.0,0.16666666666666663,0.2857142857142857,0.0
3294,1.0,0.16666666666666663,0.2857142857142857,0.0
3295,1.0,0.16666666666666663,0.2857142857142857,0.015625
3296,1.0,0.16666666666666663,0.2857142857142857,0.0
3297,1.0,0.16666666666666663,0.2857142857142857,0.0
3298,1.0,0.16666666666666663,0.2857142857142857,0.015625
3299,1.0,0.16666666666666663,0.2857142857142857,0.0
3300,0.7142857142857143,0.11111111111111116,0.19230769230769237,0.015625
3301,1.0,0.16666666666666663,0.2857142857142857,0.0
3302,1.0,0.16666666666666663,0.2857142857142857,0.0
3303,1.0,0.16666666666666663,0.2857142857142857,0.015625
3304,1.0,0.16666666666666663,0.2857142857142857,0.0
3305,1.0,0.16666666666666663,0.2857142857142857,0.015625
3306,1.0,0.16666666666666663,0.2857142857142857,0.0
3307,1.0,0.16666666666666663,0.2857142857142857,0.0
3308,1.0,0.16666666666666663,0.2857142857142857,0.015625
3309,1.0,0.16666666666666663,0.2857142857142857,0.0
3310,0.7142857142857143,0.11111111111111116,0.19230769230769237,0.0
3311,1.0,0.16666666666666663,0.2857142857142857,0.015625
3312,1.0,0.16666666666666663,0.2857142857142857,0.0
3313,1.0,0.16666666666666663,0.2857142857142857,0.015625
3314,1.0,0.16666666666666663,0.2857142857142857,0.0
3315,1.0,0.16666666666666663,0.2857142857142857,0.015625
3316,1.0,0.16666666666666663,0.2857142857142857,0.0
3317,1.0,0.16666666666666663,0.2857142857142857,0.0
3318,1.0,0.16666666666666663,0.2857142857142857,0.015625
3319,0.8571428571428572,0.11111111111111116,0.19672131147540992,0.0
3320,0.8333333333333334,0.11111111111111116,0.1960784313725491,0.015625
3321,1.0,0.16666666666666663,0.2857142857142857,0.0
3322,1.0,0.16666666666666663,0.2857142857142857,0.0
3323,1.0,0.16666666666666663,0.2857142857142857,0.015625
3324,1.0,0.16666666666666663,0.2857142857142857,0.0
3325,1.0,0.16666666666666663,0.2857142857142857,0.0
3326,1.0,0.16666666666666663,0.2857142857142857,0.015625
3327,1.0,0.16666666666666663,0.2857142857142857,0.0
3328,1.0,0.16666666666666663,0.2857142857142857,0.015625
3329,1.0,0.16666666666666663,0.2857142857142857,0.0
3330,1.0,0.16666666666666663,0.2857142857142857,0.0
3331,1.0,0.16666666666666663,0.2857142857142857,0.015625
3332,1.0,0.16666666666666663,0.2857142857142857,0.0
3333,1.0,0.16666666666666663,0.2857142857142857,0.0
3334,0.8333333333333334,0.11111111111111116,0.1960784313725491,0.015625
3335,1.0,0.16666666666666663,0.2857142857142857,0.0
3336,1.0,0.16666666666666663,0.2857142857142857,0.0
3337,1.0,0.16666666666666663,0.2857142857142857,0.015625
3338,1.0,0.16666666666666663,0.2857142857142857,0.0
3339,1.0,0.16666666666666663,0.2857142857142857,0.015625
3340,0.8333333333333334,0.11111111111111116,0.1960784313725491,0.0
3341,1.0,0.16666666666666663,0.2857142857142857,0.0
3342,1.0,0.16666666666666663,0.2857142857142857,0.015625
3343,1.0,0.16666666666666663,0.2857142857142857,0.0
3344,1.0,0.16666666666666663,0.2857142857142857,0.015625
3345,1.0,0.16666666666666663,0.2857142857142857,0.0
3346,1.0,0.16666666666666663,0.2857142857142857,0.015625
3347,0.8333333333333334,0.11111111111111116,0.1960784313725491,0.0
3348,1.0,0.16666666666666663,0.2857142857142857,0.0
3349,0.8333333333333334,0.11111111111111116,0.1960784313725491,0.015625
3350,1.0,0.16666666666666663,0.2857142857142857,0.0
3351,0.8333333333333334,0.11111111111111116,0.1960784313725491,0.0
3352,1.0,0.16666666666666663,0.2857142857142857,0.015625
3353,1.0,0.16666666666666663,0.2857142857142857,0.0
3354,1.0,0.16666666666666663,0.2857142857142857,0.015625
3355,1.0,0.16666666666666663,0.2857142857142857,0.0
3356,1.0,0.16666666666666663,0.2857142857142857,0.0
3357,1.0,0.16666666666666663,0.2857142857142857,0.015625
3358,1.0,0.16666666666666663,0.2857142857142857,0.0
3359,1.0,0.16666666666666663,0.2857142857142857,0.015625
3360,1.0,0.16666666666666663,0.2857142857142857,0.0
3361,1.0,0.16666666666666663,0.2857142857142857,0.015625
3362,1.0,0.16666666666666663,0.2857142857142857,0.0
3363,1.0,0.16666666666666663,0.2857142857142857,0.0
3364,1.0,0.16666666666666663,0.2857142857142857,0.015625
3365,1.0,0.16666666666666663,0.2857142857142857,0.0
3366,0.8,0.08333333333333337,0.15094339622641514,0.0
3367,0.6666666666666667,0.08333333333333337,0.14814814814814822,0.015625
3368,1.0,0.16666666666666663,0.2857142857142857,0.0
3369,1.0,0.16666666666666663,0.2857142857142857,0.015625
3370,1.0,0.16666666666666663,0.2857142857142857,0.0
3371,1.0,0.16666666666666663,0.2857142857142857,0.0
3372,1.0,0.16666666666666663,0.2857142857142857,0.015625
3373,1.0,0.16666666666666663,0.2857142857142857,0.0
3374,1.0,0.16666666666666663,0.2857142857142857,0.015625
3375,1.0,0.16666666666666663,0.2857142857142857,0.0
3376,0.8333333333333334,0.08333333333333337,0.15151515151515157,0.0
3377,1.0,0.16666666666666663,0.2857142857142857,0.015625
3378,1.0,0.16666666666666663,0.2857142857142857,0.0
3379,1.0,0.16666666666666663,0.2857142857142857,0.0
3380,1.0,0.16666666666666663,0.2857142857142857,0.015625
3381,1.0,0.16666666666666663,0.2857142857142857,0.0
3382,1.0,0.16666666666666663,0.2857142857142857,0.0
3383,1.0,0.16666666666666663,0.2857142857142857,0.015625
3384,1.0,0.16666666666666663,0.2857142857142857,0.0
3385,1.0,0.16666666666666663,0.2857142857142857,0.015625
3386,1.0,0.16666666666666663,0.2857142857142857,0.0
3387,1.0,0.16666666666666663,0.2857142857142857,0.0
3388,1.0,0.16666666666666663,0.2857142857142857,0.0
3389,1.0,0.16666666666666663,0.2857142857142857,0.015625
3390,1.0,0.16666666666666663,0.2857142857142857,0.0
3391,1.0,0.16666666666666663,0.2857142857142857,0.015625
3392,0.8571428571428572,0.11111111111111116,0.19672131147540992,0.0
3393,1.0,0.16666666666666663,0.2857142857142857,0.0
3394,1.0,0.16666666666666663,0.2857142857142857,0.015625
3395,1.0,0.16666666666666663,0.2857142857142857,0.0
3396,1.0,0.16666666666666663,0.2857142857142857,0.0
3397,0.8333333333333334,0.11111111111111116,0.1960784313725491,0.015625
3398,1.0,0.16666666666666663,0.2857142857142857,0.0
3399,1.0,0.16666666666666663,0.2857142857142857,0.015625
3400,1.0,0.16666666666666663,0.2857142857142857,0.0
3401,1.0,0.16666666666666663,0.2857142857142857,0.015625
3402,1.0,0.16666666666666663,0.2857142857142857,0.0
3403,1.0,0.16666666666666663,0.2857142857142857,0.0
3404,1.0,0.16666666666666663,0.2857142857142857,0.015625
3405,1.0,0.16666666666666663,0.2857142857142857,0.0
3406,0.75,0.16666666666666663,0.27272727272727265,0.0
3407,0.75,0.16666666666666663,0.27272727272727265,0.015625
3408,0.75,0.16666666666666663,0.27272727272727265,0.0
3409,1.0,0.16666666666666663,0.2857142857142857,0.0
3410,1.0,0.16666666666666663,0.2857142857142857,0.0
3411,1.0,0.16666666666666663,0.2857142857142857,0.015625
3412,1.0,0.16666666666666663,0.2857142857142857,0.0
3413,1.0,0.16666666666666663,0.2857142857142857,0.015625
3414,1.0,0.16666666666666663,0.2857142857142857,0.0
3415,0.2857142857142857,0.11111111111111116,0.16000000000000006,0.015625
3416,1.0,0.16666666666666663,0.2857142857142857,0.0
3417,0.75,0.16666666666666663,0.27272727272727265,0.0
3418,1.0,0.16666666666666663,0.2857142857142857,0.015625
3419,1.0,0.16666666666666663,0.2857142857142857,0.0
3420,1.0,0.16666666666666663,0.2857142857142857,0.0
3421,1.0,0.16666666666666663,0.2857142857142857,0.015625
3422,1.0,0.16666666666666663,0.2857142857142857,0.0
3423,1.0,0.16666666666666663,0.2857142857142857,0.0
3424,1.0,0.16666666666666663,0.2857142857142857,0.015625
3425,1.0,0.16666666666666663,0.2857142857142857,0.0
3426,1.0,0.16666666666666663,0.2857142857142857,0.0
3427,1.0,0.16666666666666663,0.2857142857142857,0.015625
3428,1.0,0.16666666666666663,0.2857142857142857,0.0
3429,1.0,0.16666666666666663,0.2857142857142857,0.015625
3430,1.0,0.16666666666666663,0.2857142857142857,0.0
3431,1.0,0.16666666666666663,0.2857142857142857,0.0
3432,1.0,0.16666666666666663,0.2857142857142857,0.015625
3433,1.0,0.16666666666666663,0.2857142857142857,0.0
3434,1.0,0.16666666666666663,0.2857142857142857,0.0
3435,1.0,0.16666666666666663,0.2857142857142857,0.015625
3436,1.0,0.16666666666666663,0.2857142857142857,0.0
3437,1.0,0.16666666666666663,0.2857142857142857,0.0
3438,1.0,0.16666666666666663,0.2857142857142857,0.015625
3439,1.0,0.16666666666666663,0.2857142857142857,0.0
3440,1.0,0.16666666666666663,0.2857142857142857,0.0
3441,1.0,0.16666666666666663,0.2857142857142857,0.015625
3442,1.0,0.16666666666666663,0.2857142857142857,0.0
3443,1.0,0.16666666666666663,0.2857142857142857,0.0
3444,1.0,0.16666666666666663,0.2857142857142857,0.015625
3445,1.0,0.16666666666666663,0.2857142857142857,0.0
3446,1.0,0.16666666666666663,0.2857142857142857,0.0
3447,1.0,0.16666666666666663,0.2857142857142857,0.015625
3448,1.0,0.16666666666666663,0.2857142857142857,0.0
3449,0.8571428571428572,0.125,0.21818181818181817,0.046875
3450,1.0,0.16666666666666663,0.2857142857142857,0.0
3451,1.0,0.16666666666666663,0.2857142857142857,0.015625
3452,1.0,0.16666666666666663,0.2857142857142857,0.0
3453,1.0,0.16666666666666663,0.2857142857142857,0.0
3454,1.0,0.16666666666666663,0.2857142857142857,0.015625
3455,1.0,0.16666666666666663,0.2857142857142857,0.0
3456,1.0,0.16666666666666663,0.2857142857142857,0.015625
3457,1.0,0.16666666666666663,0.2857142857142857,0.0
3458,0.8333333333333334,0.11111111111111116,0.1960784313725491,0.0
3459,1.0,0.16666666666666663,0.2857142857142857,0.015625
3460,1.0,0.16666666666666663,0.2857142857142857,0.0
3461,1.0,0.16666666666666663,0.2857142857142857,0.0
3462,1.0,0.16666666666666663,0.2857142857142857,0.015625
3463,1.0,0.16666666666666663,0.2857142857142857,0.0
3464,1.0,0.16666666666666663,0.2857142857142857,0.0
3465,1.0,0.16666666666666663,0.2857142857142857,0.015625
3466,1.0,0.16666666666666663,0.2857142857142857,0.0
3467,0.8333333333333334,0.11111111111111116,0.1960784313725491,0.0
3468,0.8571428571428572,0.11111111111111116,0.19672131147540992,0.015625
3469,1.0,0.16666666666666663,0.2857142857142857,0.0
3470,1.0,0.16666666666666663,0.2857142857142857,0.015625
3471,1.0,0.16666666666666663,0.2857142857142857,0.0
3472,1.0,0.16666666666666663,0.2857142857142857,0.0
3473,1.0,0.16666666666666663,0.2857142857142857,0.015625
3474,1.0,0.16666666666666663,0.2857142857142857,0.0
3475,1.0,0.16666666666666663,0.2857142857142857,0.0
3476,1.0,0.16666666666666663,0.2857142857142857,0.015625
3477,0.8,0.08333333333333337,0.15094339622641514,0.0
3478,1.0,0.16666666666666663,0.2857142857142857,0.0
3479,1.0,0.16666666666666663,0.2857142857142857,0.015625
3480,1.0,0.16666666666666663,0.2857142857142857,0.0
3481,1.0,0.16666666666666663,0.2857142857142857,0.015625
3482,1.0,0.16666666666666663,0.2857142857142857,0.0
3483,1.0,0.16666666666666663,0.2857142857142857,0.0
3484,1.0,0.16666666666666663,0.2857142857142857,0.015625
3485,1.0,0.16666666666666663,0.2857142857142857,0.0
3486,1.0,0.16666666666666663,0.2857142857142857,0.0
3487,1.0,0.16666666666666663,0.2857142857142857,0.015625
3488,1.0,0.16666666666666663,0.2857142857142857,0.0
3489,1.0,0.16666666666666663,0.2857142857142857,0.0
3490,1.0,0.16666666666666663,0.2857142857142857,0.015625
3491,1.0,0.16666666666666663,0.2857142857142857,0.0
3492,1.0,0.16666666666666663,0.2857142857142857,0.0
3493,1.0,0.16666666666666663,0.2857142857142857,0.015625
3494,1.0,0.16666666666666663,0.2857142857142857,0.0
3495,1.0,0.16666666666666663,0.2857142857142857,0.0
3496,1.0,0.16666666666666663,0.2857142857142857,0.015625
3497,1.0,0.16666666666666663,0.2857142857142857,0.0
3498,1.0,0.16666666666666663,0.2857142857142857,0.015625
3499,1.0,0.16666666666666663,0.2857142857142857,0.0
3500,1.0,0.16666666666666663,0.2857142857142857,0.0
3501,1.0,0.16666666666666663,0.2857142857142857,0.015625
3502,1.0,0.16666666666666663,0.2857142857142857,0.0
3503,1.0,0.16666666666666663,0.2857142857142857,0.015625
3504,1.0,0.16666666666666663,0.2857142857142857,0.0
3505,1.0,0.16666666666666663,0.2857142857142857,0.0
3506,1.0,0.16666666666666663,0.2857142857142857,0.015625
3507,1.0,0.16666666666666663,0.2857142857142857,0.0
3508,0.8571428571428572,0.11111111111111116,0.19672131147540992,0.015625
3509,1.0,0.16666666666666663,0.2857142857142857,0.0
3510,1.0,0.16666666666666663,0.2857142857142857,0.0
3511,1.0,0.16666666666666663,0.2857142857142857,0.015625
3512,1.0,0.16666666666666663,0.2857142857142857,0.0
3513,1.0,0.16666666666666663,0.2857142857142857,0.0
3514,0.8333333333333334,0.11111111111111116,0.1960784313725491,0.015625
3515,1.0,0.16666666666666663,0.2857142857142857,0.0
3516,1.0,0.16666666666666663,0.2857142857142857,0.0
3517,1.0,0.16666666666666663,0.2857142857142857,0.015625
3518,1.0,0.16666666666666663,0.2857142857142857,0.0
3519,1.0,0.16666666666666663,0.2857142857142857,0.015625
3520,1.0,0.16666666666666663,0.2857142857142857,0.0
3521,1.0,0.16666666666666663,0.2857142857142857,0.0
3522,1.0,0.16666666666666663,0.2857142857142857,0.015625
3523,1.0,0.16666666666666663,0.2857142857142857,0.0
3524,1.0,0.16666666666666663,0.2857142857142857,0.0
3525,0.7142857142857143,0.11111111111111116,0.19230769230769237,0.015625
3526,0.8333333333333334,0.11111111111111116,0.1960784313725491,0.0
3527,1.0,0.16666666666666663,0.2857142857142857,0.015625
3528,1.0,0.16666666666666663,0.2857142857142857,0.0
3529,1.0,0.16666666666666663,0.2857142857142857,0.0
3530,0.8333333333333334,0.11111111111111116,0.1960784313725491,0.015625
3531,0.8571428571428572,0.125,0.21818181818181817,0.0
3532,1.0,0.16666666666666663,0.2857142857142857,0.015625
3533,1.0,0.16666666666666663,0.2857142857142857,0.0
3534,1.0,0.16666666666666663,0.2857142857142857,0.0
3535,1.0,0.16666666666666663,0.2857142857142857,0.015625
3536,1.0,0.16666666666666663,0.2857142857142857,0.0
3537,1.0,0.16666666666666663,0.2857142857142857,0.0
3538,1.0,0.16666666666666663,0.2857142857142857,0.015625
3539,1.0,0.16666666666666663,0.2857142857142857,0.0
3540,1.0,0.16666666666666663,0.2857142857142857,0.0
3541,1.0,0.16666666666666663,0.2857142857142857,0.015625
3542,1.0,0.16666666666666663,0.2857142857142857,0.0
3543,1.0,0.16666666666666663,0.2857142857142857,0.015625
3544,1.0,0.16666666666666663,0.2857142857142857,0.0
3545,1.0,0.16666666666666663,0.2857142857142857,0.0
3546,1.0,0.16666666666666663,0.2857142857142857,0.015625
3547,1.0,0.16666666666666663,0.2857142857142857,0.0
3548,0.7142857142857143,0.11111111111111116,0.19230769230769237,0.0
3549,1.0,0.16666666666666663,0.2857142857142857,0.015625
3550,1.0,0.16666666666666663,0.2857142857142857,0.0
3551,1.0,0.16666666666666663,0.2857142857142857,0.015625
3552,1.0,0.16666666666666663,0.2857142857142857,0.0
3553,1.0,0.16666666666666663,0.2857142857142857,0.0
3554,0.8571428571428572,0.11111111111111116,0.19672131147540992,0.015625
3555,1.0,0.16666666666666663,0.2857142857142857,0.0
3556,1.0,0.16666666666666663,0.2857142857142857,0.015625
3557,1.0,0.16666666666666663,0.2857142857142857,0.0
3558,1.0,0.16666666666666663,0.2857142857142857,0.0
3559,1.0,0.16666666666666663,0.2857142857142857,0.015625
3560,1.0,0.16666666666666663,0.2857142857142857,0.0
3561,1.0,0.16666666666666663,0.2857142857142857,0.0
3562,1.0,0.16666666666666663,0.2857142857142857,0.015625
3563,1.0,0.16666666666666663,0.2857142857142857,0.0
3564,1.0,0.16666666666666663,0.2857142857142857,0.0
3565,1.0,0.16666666666666663,0.2857142857142857,0.015625
3566,1.0,0.16666666666666663,0.2857142857142857,0.0
3567,1.0,0.16666666666666663,0.2857142857142857,0.015625
3568,1.0,0.16666666666666663,0.2857142857142857,0.0
3569,1.0,0.16666666666666663,0.2857142857142857,0.0
3570,1.0,0.16666666666666663,0.2857142857142857,0.015625
3571,1.0,0.16666666666666663,0.2857142857142857,0.0
3572,1.0,0.16666666666666663,0.2857142857142857,0.078125
3573,1.0,0.16666666666666663,0.2857142857142857,0.015625
3574,0.8333333333333334,0.11111111111111116,0.1960784313725491,0.0
3575,1.0,0.16666666666666663,0.2857142857142857,0.0
3576,1.0,0.16666666666666663,0.2857142857142857,0.015625
3577,1.0,0.16666666666666663,0.2857142857142857,0.0
3578,1.0,0.16666666666666663,0.2857142857142857,0.015625
3579,0.75,0.11111111111111116,0.19354838709677427,0.0
3580,1.0,0.16666666666666663,0.2857142857142857,0.015625
3581,0.8333333333333334,0.11111111111111116,0.1960784313725491,0.0
3582,1.0,0.16666666666666663,0.2857142857142857,0.0
3583,1.0,0.16666666666666663,0.2857142857142857,0.015625
3584,1.0,0.16666666666666663,0.2857142857142857,0.0
3585,1.0,0.16666666666666663,0.2857142857142857,0.0
3586,1.0,0.16666666666666663,0.2857142857142857,0.015625
3587,1.0,0.16666666666666663,0.2857142857142857,0.0
3588,1.0,0.16666666666666663,0.2857142857142857,0.015625
3589,1.0,0.16666666666666663,0.2857142857142857,0.0
3590,0.8333333333333334,0.11111111111111116,0.1960784313725491,0.0
3591,0.8333333333333334,0.11111111111111116,0.1960784313725491,0.015625
3592,1.0,0.16666666666666663,0.2857142857142857,0.0
3593,1.0,0.16666666666666663,0.2857142857142857,0.0
3594,1.0,0.16666666666666663,0.2857142857142857,0.015625
3595,1.0,0.16666666666666663,0.2857142857142857,0.0
3596,0.8333333333333334,0.11111111111111116,0.1960784313725491,0.0
3597,1.0,0.16666666666666663,0.2857142857142857,0.015625
3598,1.0,0.16666666666666663,0.2857142857142857,0.0
3599,0.4444444444444444,0.08333333333333337,0.1403508771929825,0.0
3600,1.0,0.16666666666666663,0.2857142857142857,0.015625
3601,1.0,0.16666666666666663,0.2857142857142857,0.0
3602,0.75,0.125,0.21428571428571427,0.015625
3603,1.0,0.16666666666666663,0.2857142857142857,0.0
3604,1.0,0.16666666666666663,0.2857142857142857,0.0
3605,1.0,0.16666666666666663,0.2857142857142857,0.015625
3606,1.0,0.16666666666666663,0.2857142857142857,0.0
3607,1.0,0.16666666666666663,0.2857142857142857,0.0
3608,1.0,0.16666666666666663,0.2857142857142857,0.015625
3609,1.0,0.16666666666666663,0.2857142857142857,0.0
3610,1.0,0.16666666666666663,0.2857142857142857,0.015625
3611,1.0,0.16666666666666663,0.2857142857142857,0.0
3612,1.0,0.16666666666666663,0.2857142857142857,0.0
3613,1.0,0.16666666666666663,0.2857142857142857,0.015625
3614,1.0,0.16666666666666663,0.2857142857142857,0.0
3615,1.0,0.16666666666666663,0.2857142857142857,0.0
3616,0.7142857142857143,0.11111111111111116,0.19230769230769237,0.015625
3617,1.0,0.16666666666666663,0.2857142857142857,0.0
3618,0.4444444444444444,0.08333333333333337,0.1403508771929825,0.015625
3619,1.0,0.16666666666666663,0.2857142857142857,0.0
3620,1.0,0.16666666666666663,0.2857142857142857,0.0
3621,1.0,0.16666666666666663,0.2857142857142857,0.015625
3622,1.0,0.16666666666666663,0.2857142857142857,0.0
3623,1.0,0.16666666666666663,0.2857142857142857,0.015625
3624,1.0,0.16666666666666663,0.2857142857142857,0.0
3625,0.8333333333333334,0.11111111111111116,0.1960784313725491,0.0
3626,1.0,0.16666666666666663,0.2857142857142857,0.046875
3627,0.8571428571428572,0.11111111111111116,0.19672131147540992,0.0
3628,1.0,0.16666666666666663,0.2857142857142857,0.015625
3629,0.8,0.08333333333333337,0.15094339622641514,0.0
3630,1.0,0.16666666666666663,0.2857142857142857,0.0
3631,1.0,0.16666666666666663,0.2857142857142857,0.015625
3632,0.875,0.125,0.21875,0.0
3633,1.0,0.16666666666666663,0.2857142857142857,0.015625
3634,0.8571428571428572,0.125,0.21818181818181817,0.0
3635,1.0,0.16666666666666663,0.2857142857142857,0.0
3636,1.0,0.16666666666666663,0.2857142857142857,0.015625
3637,0.5,0.08333333333333337,0.1428571428571429,0.0
3638,1.0,0.16666666666666663,0.2857142857142857,0.015625
3639,1.0,0.16666666666666663,0.2857142857142857,0.0
3640,1.0,0.16666666666666663,0.2857142857142857,0.0
3641,1.0,0.16666666666666663,0.2857142857142857,0.015625
3642,1.0,0.16666666666666663,0.2857142857142857,0.0
3643,1.0,0.16666666666666663,0.2857142857142857,0.015625
3644,1.0,0.16666666666666663,0.2857142857142857,0.0
3645,1.0,0.16666666666666663,0.2857142857142857,0.0
3646,1.0,0.16666666666666663,0.2857142857142857,0.015625
3647,1.0,0.16666666666666663,0.2857142857142857,0.0
3648,1.0,0.16666666666666663,0.2857142857142857,0.0
3649,1.0,0.16666666666666663,0.2857142857142857,0.015625
3650,1.0,0.16666666666666663,0.2857142857142857,0.0
3651,1.0,0.16666666666666663,0.2857142857142857,0.0
3652,1.0,0.16666666666666663,0.2857142857142857,0.0
3653,1.0,0.16666666666666663,0.2857142857142857,0.015625
3654,1.0,0.16666666666666663,0.2857142857142857,0.0
3655,1.0,0.16666666666666663,0.2857142857142857,0.0
3656,1.0,0.16666666666666663,0.2857142857142857,0.015625
3657,1.0,0.16666666666666663,0.2857142857142857,0.0
3658,1.0,0.16666666666666663,0.2857142857142857,0.0
3659,1.0,0.16666666666666663,0.2857142857142857,0.015625
3660,1.0,0.16666666666666663,0.2857142857142857,0.0
3661,1.0,0.16666666666666663,0.2857142857142857,0.015625
3662,1.0,0.16666666666666663,0.2857142857142857,0.0
3663,0.8888888888888888,0.125,0.2191780821917808,0.015625
3664,1.0,0.16666666666666663,0.2857142857142857,0.0
3665,1.0,0.16666666666666663,0.2857142857142857,0.0
3666,1.0,0.16666666666666663,0.2857142857142857,0.015625
3667,1.0,0.16666666666666663,0.2857142857142857,0.0
3668,1.0,0.16666666666666663,0.2857142857142857,0.015625
3669,1.0,0.16666666666666663,0.2857142857142857,0.0
3670,1.0,0.16666666666666663,0.2857142857142857,0.0
3671,1.0,0.16666666666666663,0.2857142857142857,0.015625
3672,1.0,0.16666666666666663,0.2857142857142857,0.0
3673,1.0,0.16666666666666663,0.2857142857142857,0.0
3674,1.0,0.16666666666666663,0.2857142857142857,0.015625
3675,1.0,0.16666666666666663,0.2857142857142857,0.0
3676,1.0,0.16666666666666663,0.2857142857142857,0.0
3677,1.0,0.16666666666666663,0.2857142857142857,0.015625
3678,1.0,0.16666666666666663,0.2857142857142857,0.0
3679,1.0,0.16666666666666663,0.2857142857142857,0.0
3680,1.0,0.16666666666666663,0.2857142857142857,0.015625
3681,1.0,0.16666666666666663,0.2857142857142857,0.0
3682,1.0,0.16666666666666663,0.2857142857142857,0.0
3683,0.8333333333333334,0.11111111111111116,0.1960784313725491,0.015625
3684,0.7142857142857143,0.11111111111111116,0.19230769230769237,0.0
3685,1.0,0.16666666666666663,0.2857142857142857,0.015625
3686,1.0,0.16666666666666663,0.2857142857142857,0.0
3687,1.0,0.16666666666666663,0.2857142857142857,0.0
3688,1.0,0.16666666666666663,0.2857142857142857,0.015625
3689,1.0,0.16666666666666663,0.2857142857142857,0.0
3690,1.0,0.16666666666666663,0.2857142857142857,0.0
3691,1.0,0.16666666666666663,0.2857142857142857,0.015625
3692,1.0,0.16666666666666663,0.2857142857142857,0.0
3693,1.0,0.16666666666666663,0.2857142857142857,0.015625
3694,1.0,0.16666666666666663,0.2857142857142857,0.0
3695,1.0,0.16666666666666663,0.2857142857142857,0.0
3696,1.0,0.16666666666666663,0.2857142857142857,0.015625
3697,1.0,0.16666666666666663,0.2857142857142857,0.0
3698,1.0,0.16666666666666663,0.2857142857142857,0.0
3699,1.0,0.16666666666666663,0.2857142857142857,0.015625
3700,1.0,0.16666666666666663,0.2857142857142857,0.0
3701,1.0,0.16666666666666663,0.2857142857142857,0.0
3702,1.0,0.16666666666666663,0.2857142857142857,0.015625
3703,1.0,0.16666666666666663,0.2857142857142857,0.0
3704,1.0,0.16666666666666663,0.2857142857142857,0.0
3705,0.8333333333333334,0.11111111111111116,0.1960784313725491,0.015625
3706,0.7142857142857143,0.11111111111111116,0.19230769230769237,0.0
3707,1.0,0.16666666666666663,0.2857142857142857,0.015625
3708,1.0,0.16666666666666663,0.2857142857142857,0.0
3709,1.0,0.16666666666666663,0.2857142857142857,0.0
3710,1.0,0.16666666666666663,0.2857142857142857,0.015625
3711,1.0,0.16666666666666663,0.2857142857142857,0.0
3712,1.0,0.16666666666666663,0.2857142857142857,0.0
3713,1.0,0.16666666666666663,0.2857142857142857,0.015625
3714,1.0,0.16666666666666663,0.2857142857142857,0.0
3715,1.0,0.16666666666666663,0.2857142857142857,0.015625
3716,1.0,0.16666666666666663,0.2857142857142857,0.0
3717,1.0,0.16666666666666663,0.2857142857142857,0.0
3718,1.0,0.16666666666666663,0.2857142857142857,0.015625
3719,1.0,0.16666666666666663,0.2857142857142857,0.0
3720,1.0,0.16666666666666663,0.2857142857142857,0.0
3721,1.0,0.16666666666666663,0.2857142857142857,0.015625
3722,1.0,0.16666666666666663,0.2857142857142857,0.0
3723,1.0,0.16666666666666663,0.2857142857142857,0.0
3724,1.0,0.16666666666666663,0.2857142857142857,0.015625
3725,1.0,0.16666666666666663,0.2857142857142857,0.0
3726,1.0,0.16666666666666663,0.2857142857142857,0.015625
3727,1.0,0.16666666666666663,0.2857142857142857,0.0
3728,1.0,0.16666666666666663,0.2857142857142857,0.0
3729,1.0,0.16666666666666663,0.2857142857142857,0.015625
3730,1.0,0.16666666666666663,0.2857142857142857,0.0
3731,1.0,0.16666666666666663,0.2857142857142857,0.015625
3732,1.0,0.16666666666666663,0.2857142857142857,0.0
3733,1.0,0.16666666666666663,0.2857142857142857,0.0
3734,1.0,0.16666666666666663,0.2857142857142857,0.015625
3735,0.8333333333333334,0.11111111111111116,0.1960784313725491,0.0
3736,0.6666666666666667,0.08333333333333337,0.14814814814814822,0.0
3737,0.8,0.08333333333333337,0.15094339622641514,0.015625
3738,1.0,0.16666666666666663,0.2857142857142857,0.0
3739,1.0,0.16666666666666663,0.2857142857142857,0.0
3740,1.0,0.16666666666666663,0.2857142857142857,0.015625
3741,1.0,0.16666666666666663,0.2857142857142857,0.0
3742,1.0,0.16666666666666663,0.2857142857142857,0.0
3743,1.0,0.16666666666666663,0.2857142857142857,0.015625
3744,1.0,0.16666666666666663,0.2857142857142857,0.0
3745,1.0,0.16666666666666663,0.2857142857142857,0.0
3746,1.0,0.16666666666666663,0.2857142857142857,0.015625
3747,1.0,0.16666666666666663,0.2857142857142857,0.0
3748,1.0,0.16666666666666663,0.2857142857142857,0.0
3749,1.0,0.16666666666666663,0.2857142857142857,0.015625
3750,1.0,0.16666666666666663,0.2857142857142857,0.0
3751,0.8333333333333334,0.11111111111111116,0.1960784313725491,0.0
3752,0.8571428571428572,0.11111111111111116,0.19672131147540992,0.015625
3753,0.8571428571428572,0.11111111111111116,0.19672131147540992,0.0
3754,1.0,0.16666666666666663,0.2857142857142857,0.015625
3755,1.0,0.16666666666666663,0.2857142857142857,0.0
3756,1.0,0.16666666666666663,0.2857142857142857,0.0
3757,1.0,0.16666666666666663,0.2857142857142857,0.015625
3758,1.0,0.16666666666666663,0.2857142857142857,0.0
3759,1.0,0.16666666666666663,0.2857142857142857,0.015625
3760,1.0,0.16666666666666663,0.2857142857142857,0.0
3761,0.8571428571428572,0.11111111111111116,0.19672131147540992,0.0
3762,1.0,0.16666666666666663,0.2857142857142857,0.015625
3763,1.0,0.16666666666666663,0.2857142857142857,0.0
3764,1.0,0.16666666666666663,0.2857142857142857,0.015625
3765,1.0,0.16666666666666663,0.2857142857142857,0.0
3766,1.0,0.16666666666666663,0.2857142857142857,0.0
3767,1.0,0.16666666666666663,0.2857142857142857,0.015625
3768,1.0,0.16666666666666663,0.2857142857142857,0.0
3769,1.0,0.16666666666666663,0.2857142857142857,0.015625
3770,1.0,0.16666666666666663,0.2857142857142857,0.0
3771,1.0,0.16666666666666663,0.2857142857142857,0.0
3772,1.0,0.16666666666666663,0.2857142857142857,0.015625
3773,1.0,0.16666666666666663,0.2857142857142857,0.0
3774,0.8333333333333334,0.11111111111111116,0.1960784313725491,0.0
3775,1.0,0.16666666666666663,0.2857142857142857,0.015625
3776,1.0,0.16666666666666663,0.2857142857142857,0.0
3777,1.0,0.16666666666666663,0.2857142857142857,0.0
3778,1.0,0.16666666666666663,0.2857142857142857,0.015625
3779,1.0,0.16666666666666663,0.2857142857142857,0.0
3780,1.0,0.16666666666666663,0.2857142857142857,0.015625
3781,1.0,0.16666666666666663,0.2857142857142857,0.0
3782,1.0,0.16666666666666663,0.2857142857142857,0.0
3783,1.0,0.16666666666666663,0.2857142857142857,0.015625
3784,0.75,0.125,0.21428571428571427,0.0
3785,1.0,0.16666666666666663,0.2857142857142857,0.0
3786,1.0,0.16666666666666663,0.2857142857142857,0.015625
3787,1.0,0.16666666666666663,0.2857142857142857,0.0
3788,1.0,0.16666666666666663,0.2857142857142857,0.0
3789,1.0,0.16666666666666663,0.2857142857142857,0.015625
3790,1.0,0.16666666666666663,0.2857142857142857,0.0
3791,1.0,0.16666666666666663,0.2857142857142857,0.0
3792,1.0,0.16666666666666663,0.2857142857142857,0.015625
3793,1.0,0.16666666666666663,0.2857142857142857,0.0
3794,1.0,0.16666666666666663,0.2857142857142857,0.0
3795,1.0,0.16666666666666663,0.2857142857142857,0.015625
3796,1.0,0.16666666666666663,0.2857142857142857,0.0
3797,1.0,0.16666666666666663,0.2857142857142857,0.0
3798,1.0,0.16666666666666663,0.2857142857142857,0.015625
3799,1.0,0.16666666666666663,0.2857142857142857,0.0
3800,1.0,0.16666666666666663,0.2857142857142857,0.015625
3801,1.0,0.16666666666666663,0.2857142857142857,0.0
3802,1.0,0.16666666666666663,0.2857142857142857,0.0
3803,1.0,0.16666666666666663,0.2857142857142857,0.015625
3804,1.0,0.16666666666666663,0.2857142857142857,0.0
3805,1.0,0.16666666666666663,0.2857142857142857,0.015625
3806,1.0,0.16666666666666663,0.2857142857142857,0.0
3807,1.0,0.16666666666666663,0.2857142857142857,0.0
3808,1.0,0.16666666666666663,0.2857142857142857,0.015625
3809,1.0,0.16666666666666663,0.2857142857142857,0.0
3810,1.0,0.16666666666666663,0.2857142857142857,0.0
3811,1.0,0.16666666666666663,0.2857142857142857,0.015625
3812,1.0,0.16666666666666663,0.2857142857142857,0.0
3813,1.0,0.16666666666666663,0.2857142857142857,0.015625
3814,1.0,0.16666666666666663,0.2857142857142857,0.0
3815,0.8333333333333334,0.11111111111111116,0.1960784313725491,0.0
3816,1.0,0.16666666666666663,0.2857142857142857,0.015625
3817,0.8333333333333334,0.11111111111111116,0.1960784313725491,0.0
3818,0.8571428571428572,0.125,0.21818181818181817,0.015625
3819,1.0,0.16666666666666663,0.2857142857142857,0.0
3820,1.0,0.16666666666666663,0.2857142857142857,0.0
3821,1.0,0.16666666666666663,0.2857142857142857,0.015625
3822,1.0,0.16666666666666663,0.2857142857142857,0.0
3823,0.875,0.125,0.21875,0.015625
3824,1.0,0.16666666666666663,0.2857142857142857,0.0
3825,1.0,0.16666666666666663,0.2857142857142857,0.015625
3826,1.0,0.16666666666666663,0.2857142857142857,0.0
3827,1.0,0.16666666666666663,0.2857142857142857,0.0
3828,1.0,0.16666666666666663,0.2857142857142857,0.015625
3829,0.8333333333333334,0.11111111111111116,0.1960784313725491,0.0
3830,0.8333333333333334,0.16666666666666663,0.27777777777777773,0.015625
3831,0.8333333333333334,0.11111111111111116,0.1960784313725491,0.0
3832,1.0,0.16666666666666663,0.2857142857142857,0.0
3833,1.0,0.16666666666666663,0.2857142857142857,0.015625
3834,1.0,0.16666666666666663,0.2857142857142857,0.0
3835,1.0,0.16666666666666663,0.2857142857142857,0.0
3836,1.0,0.16666666666666663,0.2857142857142857,0.015625
3837,1.0,0.16666666666666663,0.2857142857142857,0.0
3838,0.875,0.1333333333333333,0.2314049586776859,0.015625
3839,1.0,0.16666666666666663,0.2857142857142857,0.0
3840,1.0,0.16666666666666663,0.2857142857142857,0.015625
3841,1.0,0.16666666666666663,0.2857142857142857,0.0
3842,1.0,0.16666666666666663,0.2857142857142857,0.0
3843,1.0,0.16666666666666663,0.2857142857142857,0.015625
3844,1.0,0.16666666666666663,0.2857142857142857,0.0
3845,1.0,0.16666666666666663,0.2857142857142857,0.015625
3846,1.0,0.16666666666666663,0.2857142857142857,0.0
3847,1.0,0.16666666666666663,0.2857142857142857,0.0
3848,1.0,0.16666666666666663,0.2857142857142857,0.015625
3849,1.0,0.16666666666666663,0.2857142857142857,0.0
3850,1.0,0.16666666666666663,0.2857142857142857,0.0
3851,1.0,0.16666666666666663,0.2857142857142857,0.015625
3852,1.0,0.16666666666666663,0.2857142857142857,0.0
3853,1.0,0.16666666666666663,0.2857142857142857,0.0
3854,1.0,0.16666666666666663,0.2857142857142857,0.015625
3855,1.0,0.16666666666666663,0.2857142857142857,0.046875
3856,1.0,0.16666666666666663,0.2857142857142857,0.0
3857,1.0,0.16666666666666663,0.2857142857142857,0.0
3858,1.0,0.16666666666666663,0.2857142857142857,0.015625
3859,1.0,0.16666666666666663,0.2857142857142857,0.0
3860,1.0,0.16666666666666663,0.2857142857142857,0.0
3861,0.8333333333333334,0.11111111111111116,0.1960784313725491,0.015625
3862,1.0,0.16666666666666663,0.2857142857142857,0.0
3863,1.0,0.16666666666666663,0.2857142857142857,0.015625
3864,1.0,0.16666666666666663,0.2857142857142857,0.0
3865,1.0,0.16666666666666663,0.2857142857142857,0.0
3866,1.0,0.16666666666666663,0.2857142857142857,0.015625
3867,1.0,0.16666666666666663,0.2857142857142857,0.0
3868,1.0,0.16666666666666663,0.2857142857142857,0.0
3869,1.0,0.16666666666666663,0.2857142857142857,0.015625
3870,1.0,0.16666666666666663,0.2857142857142857,0.0
3871,0.6,0.125,0.20689655172413793,0.0
3872,1.0,0.16666666666666663,0.2857142857142857,0.015625
3873,0.8888888888888888,0.16666666666666663,0.2807017543859649,0.0
3874,1.0,0.16666666666666663,0.2857142857142857,0.015625
3875,1.0,0.16666666666666663,0.2857142857142857,0.0
3876,1.0,0.16666666666666663,0.2857142857142857,0.015625
3877,1.0,0.16666666666666663,0.2857142857142857,0.0
3878,0.8,0.16666666666666663,0.2758620689655172,0.0
3879,1.0,0.16666666666666663,0.2857142857142857,0.015625
3880,1.0,0.16666666666666663,0.2857142857142857,0.0
3881,1.0,0.16666666666666663,0.2857142857142857,0.015625
3882,1.0,0.16666666666666663,0.2857142857142857,0.0
3883,1.0,0.16666666666666663,0.2857142857142857,0.0
3884,1.0,0.16666666666666663,0.2857142857142857,0.015625
3885,1.0,0.16666666666666663,0.2857142857142857,0.0
3886,1.0,0.16666666666666663,0.2857142857142857,0.015625
3887,1.0,0.16666666666666663,0.2857142857142857,0.0
3888,0.8333333333333334,0.16666666666666663,0.27777777777777773,0.015625
3889,1.0,0.16666666666666663,0.2857142857142857,0.0
3890,0.8333333333333334,0.11111111111111116,0.1960784313725491,0.0
3891,1.0,0.16666666666666663,0.2857142857142857,0.015625
3892,1.0,0.16666666666666663,0.2857142857142857,0.0
3893,1.0,0.16666666666666663,0.2857142857142857,0.015625
3894,1.0,0.16666666666666663,0.2857142857142857,0.0
3895,1.0,0.16666666666666663,0.2857142857142857,0.0
3896,1.0,0.16666666666666663,0.2857142857142857,0.015625
3897,1.0,0.16666666666666663,0.2857142857142857,0.0
3898,1.0,0.16666666666666663,0.2857142857142857,0.0
3899,0.8333333333333334,0.11111111111111116,0.1960784313725491,0.015625
3900,1.0,0.16666666666666663,0.2857142857142857,0.0
3901,1.0,0.16666666666666663,0.2857142857142857,0.0
3902,1.0,0.16666666666666663,0.2857142857142857,0.015625
3903,1.0,0.16666666666666663,0.2857142857142857,0.0
3904,1.0,0.16666666666666663,0.2857142857142857,0.015625
3905,1.0,0.16666666666666663,0.2857142857142857,0.0
3906,0.8333333333333334,0.11111111111111116,0.1960784313725491,0.0
3907,1.0,0.16666666666666663,0.2857142857142857,0.015625
3908,1.0,0.16666666666666663,0.2857142857142857,0.0
3909,0.8571428571428572,0.11111111111111116,0.19672131147540992,0.015625
3910,1.0,0.16666666666666663,0.2857142857142857,0.0
3911,0.8333333333333334,0.11111111111111116,0.1960784313725491,0.0
3912,1.0,0.16666666666666663,0.2857142857142857,0.015625
3913,1.0,0.16666666666666663,0.2857142857142857,0.0
3914,1.0,0.16666666666666663,0.2857142857142857,0.0
3915,1.0,0.16666666666666663,0.2857142857142857,0.015625
3916,1.0,0.16666666666666663,0.2857142857142857,0.0
3917,1.0,0.16666666666666663,0.2857142857142857,0.015625
3918,1.0,0.16666666666666663,0.2857142857142857,0.0
3919,1.0,0.16666666666666663,0.2857142857142857,0.0
3920,1.0,0.16666666666666663,0.2857142857142857,0.015625
3921,1.0,0.16666666666666663,0.2857142857142857,0.0
3922,1.0,0.16666666666666663,0.2857142857142857,0.0
3923,1.0,0.16666666666666663,0.2857142857142857,0.015625
3924,1.0,0.16666666666666663,0.2857142857142857,0.0
3925,1.0,0.16666666666666663,0.2857142857142857,0.0
3926,1.0,0.16666666666666663,0.2857142857142857,0.015625
3927,1.0,0.16666666666666663,0.2857142857142857,0.0
3928,1.0,0.16666666666666663,0.2857142857142857,0.0
3929,1.0,0.16666666666666663,0.2857142857142857,0.015625
3930,0.8333333333333334,0.11111111111111116,0.1960784313725491,0.0
3931,0.8333333333333334,0.11111111111111116,0.1960784313725491,0.015625
3932,1.0,0.16666666666666663,0.2857142857142857,0.0
3933,1.0,0.16666666666666663,0.2857142857142857,0.0
3934,1.0,0.16666666666666663,0.2857142857142857,0.015625
3935,1.0,0.16666666666666663,0.2857142857142857,0.0
3936,1.0,0.16666666666666663,0.2857142857142857,0.015625
3937,1.0,0.16666666666666663,0.2857142857142857,0.0
3938,1.0,0.16666666666666663,0.2857142857142857,0.0
3939,1.0,0.16666666666666663,0.2857142857142857,0.015625
3940,1.0,0.16666666666666663,0.2857142857142857,0.0
3941,1.0,0.16666666666666663,0.2857142857142857,0.015625
3942,1.0,0.16666666666666663,0.2857142857142857,0.0
3943,1.0,0.16666666666666663,0.2857142857142857,0.015625
3944,0.875,0.1333333333333333,0.2314049586776859,0.0
3945,1.0,0.16666666666666663,0.2857142857142857,0.0
3946,1.0,0.16666666666666663,0.2857142857142857,0.015625
3947,1.0,0.16666666666666663,0.2857142857142857,0.0
3948,1.0,0.16666666666666663,0.2857142857142857,0.015625
3949,1.0,0.16666666666666663,0.2857142857142857,0.0
3950,1.0,0.16666666666666663,0.2857142857142857,0.0
3951,1.0,0.16666666666666663,0.2857142857142857,0.015625
3952,1.0,0.16666666666666663,0.2857142857142857,0.0
3953,1.0,0.16666666666666663,0.2857142857142857,0.015625
3954,1.0,0.16666666666666663,0.2857142857142857,0.015625
3955,0.8333333333333334,0.11111111111111116,0.1960784313725491,0.0
3956,1.0,0.16666666666666663,0.2857142857142857,0.0
3957,1.0,0.16666666666666663,0.2857142857142857,0.015625
3958,1.0,0.16666666666666663,0.2857142857142857,0.0
3959,1.0,0.16666666666666663,0.2857142857142857,0.015625
3960,1.0,0.16666666666666663,0.2857142857142857,0.0
3961,1.0,0.16666666666666663,0.2857142857142857,0.015625
3962,0.8333333333333334,0.11111111111111116,0.1960784313725491,0.0
3963,0.8333333333333334,0.11111111111111116,0.1960784313725491,0.0
3964,1.0,0.16666666666666663,0.2857142857142857,0.015625
3965,1.0,0.16666666666666663,0.2857142857142857,0.0
3966,1.0,0.16666666666666663,0.2857142857142857,0.0
3967,1.0,0.16666666666666663,0.2857142857142857,0.015625
3968,1.0,0.16666666666666663,0.2857142857142857,0.0
3969,1.0,0.16666666666666663,0.2857142857142857,0.015625
3970,1.0,0.16666666666666663,0.2857142857142857,0.0
3971,1.0,0.16666666666666663,0.2857142857142857,0.0
3972,1.0,0.16666666666666663,0.2857142857142857,0.015625
3973,1.0,0.16666666666666663,0.2857142857142857,0.0
3974,1.0,0.16666666666666663,0.2857142857142857,0.0
3975,1.0,0.16666666666666663,0.2857142857142857,0.015625
3976,0.9285714285714286,0.14583333333333337,0.2520775623268699,0.015625
3977,1.0,0.16666666666666663,0.2857142857142857,0.015625
3978,1.0,0.16666666666666663,0.2857142857142857,0.0
3979,1.0,0.16666666666666663,0.2857142857142857,0.015625
3980,1.0,0.16666666666666663,0.2857142857142857,0.0
3981,1.0,0.16666666666666663,0.2857142857142857,0.015625
3982,0.75,0.125,0.21428571428571427,0.0
3983,0.8,0.13888888888888884,0.2366863905325443,0.015625
3984,1.0,0.16666666666666663,0.2857142857142857,0.0
3985,1.0,0.16666666666666663,0.2857142857142857,0.0
3986,1.0,0.16666666666666663,0.2857142857142857,0.015625
3987,0.8333333333333334,0.11111111111111116,0.1960784313725491,0.0
3988,0.7142857142857143,0.11111111111111116,0.19230769230769237,0.015625
3989,1.0,0.16666666666666663,0.2857142857142857,0.0
3990,1.0,0.16666666666666663,0.2857142857142857,0.015625
3991,1.0,0.16666666666666663,0.2857142857142857,0.0
3992,1.0,0.16666666666666663,0.2857142857142857,0.0
3993,1.0,0.16666666666666663,0.2857142857142857,0.015625
3994,1.0,0.16666666666666663,0.2857142857142857,0.0
3995,1.0,0.16666666666666663,0.2857142857142857,0.015625
3996,1.0,0.16666666666666663,0.2857142857142857,0.0
3997,0.8,0.16666666666666663,0.2758620689655172,0.0
3998,1.0,0.16666666666666663,0.2857142857142857,0.015625
3999,1.0,0.16666666666666663,0.2857142857142857,0.0
4000,1.0,0.16666666666666663,0.2857142857142857,0.015625
4001,1.0,0.16666666666666663,0.2857142857142857,0.0
4002,1.0,0.16666666666666663,0.2857142857142857,0.015625
4003,1.0,0.16666666666666663,0.2857142857142857,0.0
4004,1.0,0.16666666666666663,0.2857142857142857,0.0
4005,1.0,0.16666666666666663,0.2857142857142857,0.015625
4006,1.0,0.16666666666666663,0.2857142857142857,0.0
4007,1.0,0.16666666666666663,0.2857142857142857,0.015625
4008,1.0,0.16666666666666663,0.2857142857142857,0.0
4009,1.0,0.16666666666666663,0.2857142857142857,0.0
4010,1.0,0.16666666666666663,0.2857142857142857,0.015625
4011,1.0,0.16666666666666663,0.2857142857142857,0.0
4012,1.0,0.16666666666666663,0.2857142857142857,0.015625
4013,1.0,0.16666666666666663,0.2857142857142857,0.0
4014,1.0,0.16666666666666663,0.2857142857142857,0.0
4015,0.75,0.16666666666666663,0.27272727272727265,0.015625
4016,1.0,0.16666666666666663,0.2857142857142857,0.0
4017,1.0,0.16666666666666663,0.2857142857142857,0.015625
4018,0.8333333333333334,0.11111111111111116,0.1960784313725491,0.0
4019,1.0,0.16666666666666663,0.2857142857142857,0.0
4020,1.0,0.16666666666666663,0.2857142857142857,0.015625
4021,0.2857142857142857,0.11111111111111116,0.16000000000000006,0.0
4022,0.8333333333333334,0.11111111111111116,0.1960784313725491,0.0
4023,1.0,0.16666666666666663,0.2857142857142857,0.015625
4024,1.0,0.16666666666666663,0.2857142857142857,0.0
4025,0.8,0.08333333333333337,0.15094339622641514,0.015625
4026,0.8333333333333334,0.11111111111111116,0.1960784313725491,0.0
4027,1.0,0.16666666666666663,0.2857142857142857,0.0
4028,1.0,0.16666666666666663,0.2857142857142857,0.015625
4029,1.0,0.16666666666666663,0.2857142857142857,0.0
4030,1.0,0.16666666666666663,0.2857142857142857,0.015625
4031,0.75,0.16666666666666663,0.27272727272727265,0.0
4032,1.0,0.16666666666666663,0.2857142857142857,0.0
4033,1.0,0.16666666666666663,0.2857142857142857,0.015625
4034,0.6,0.11111111111111116,0.18750000000000006,0.0
4035,1.0,0.16666666666666663,0.2857142857142857,0.0
4036,1.0,0.16666666666666663,0.2857142857142857,0.0
4037,1.0,0.16666666666666663,0.2857142857142857,0.015625
4038,1.0,0.16666666666666663,0.2857142857142857,0.0
4039,1.0,0.16666666666666663,0.2857142857142857,0.015625
4040,1.0,0.16666666666666663,0.2857142857142857,0.0
4041,1.0,0.16666666666666663,0.2857142857142857,0.0
4042,1.0,0.16666666666666663,0.2857142857142857,0.015625
4043,0.4285714285714286,0.11111111111111116,0.17647058823529418,0.0
4044,0.4285714285714286,0.11111111111111116,0.17647058823529418,0.015625
4045,0.4285714285714286,0.11111111111111116,0.17647058823529418,0.0
4046,0.7142857142857143,0.1333333333333333,0.22471910112359547,0.015625
4047,0.6,0.11111111111111116,0.18750000000000006,0.0
4048,0.30000000000000004,0.11111111111111116,0.16216216216216223,0.015625
4049,1.0,0.16666666666666663,0.2857142857142857,0.0
4050,1.0,0.16666666666666663,0.2857142857142857,0.015625
4051,1.0,0.16666666666666663,0.2857142857142857,0.0
4052,1.0,0.16666666666666663,0.2857142857142857,0.0
4053,1.0,0.16666666666666663,0.2857142857142857,0.015625
4054,1.0,0.16666666666666663,0.2857142857142857,0.03125
4055,1.0,0.16666666666666663,0.2857142857142857,0.015625
4056,1.0,0.16666666666666663,0.2857142857142857,0.0
4057,1.0,0.16666666666666663,0.2857142857142857,0.015625
4058,0.8571428571428572,0.11111111111111116,0.19672131147540992,0.0
4059,1.0,0.16666666666666663,0.2857142857142857,0.0
4060,1.0,0.16666666666666663,0.2857142857142857,0.015625
4061,1.0,0.16666666666666663,0.2857142857142857,0.0
4062,1.0,0.16666666666666663,0.2857142857142857,0.0
4063,1.0,0.16666666666666663,0.2857142857142857,0.015625
4064,0.8333333333333334,0.08333333333333337,0.15151515151515157,0.0
4065,1.0,0.16666666666666663,0.2857142857142857,0.015625
4066,1.0,0.16666666666666663,0.2857142857142857,0.0
4067,0.8571428571428572,0.11111111111111116,0.19672131147540992,0.0
4068,1.0,0.16666666666666663,0.2857142857142857,0.015625
4069,0.8571428571428572,0.11111111111111116,0.19672131147540992,0.0
4070,1.0,0.16666666666666663,0.2857142857142857,0.015625
4071,1.0,0.16666666666666663,0.2857142857142857,0.0
4072,1.0,0.16666666666666663,0.2857142857142857,0.015625
4073,1.0,0.16666666666666663,0.2857142857142857,0.0
4074,1.0,0.16666666666666663,0.2857142857142857,0.015625
4075,1.0,0.16666666666666663,0.2857142857142857,0.0
4076,1.0,0.16666666666666663,0.2857142857142857,0.0
4077,1.0,0.16666666666666663,0.2857142857142857,0.015625
4078,1.0,0.16666666666666663,0.2857142857142857,0.0
4079,1.0,0.16666666666666663,0.2857142857142857,0.015625
4080,1.0,0.16666666666666663,0.2857142857142857,0.0
AVG,0.9923529942279943,0.16138334500466844,0.2774698107106861,0.0062446397941680965
TOT,,,,25.484375
